# r                 p(r)             
  6.29740e-01       4.42797e-06      
  1.88922e+00       3.20547e-05      
  3.14870e+00       8.48213e-05      
  4.40818e+00       1.59118e-04      
  5.66766e+00       2.60352e-04      
  6.92714e+00       3.82715e-04      
  8.18661e+00       5.22725e-04      
  9.44609e+00       6.85742e-04      
  1.07056e+01       8.66037e-04      
  1.19651e+01       1.05906e-03      
  1.32245e+01       1.27015e-03      
  1.44840e+01       1.49491e-03      
  1.57435e+01       1.73532e-03      
  1.70030e+01       1.97528e-03      
  1.82624e+01       2.23986e-03      
  1.95219e+01       2.51143e-03      
  2.07814e+01       2.77385e-03      
  2.20409e+01       3.07463e-03      
  2.33004e+01       3.35156e-03      
  2.45598e+01       3.65166e-03      
  2.58193e+01       3.94202e-03      
  2.70788e+01       4.23661e-03      
  2.83383e+01       4.52917e-03      
  2.95978e+01       4.83843e-03      
  3.08572e+01       5.14190e-03      
  3.21167e+01       5.43418e-03      
  3.33762e+01       5.73831e-03      
  3.46357e+01       6.03032e-03      
  3.58952e+01       6.32589e-03      
  3.71546e+01       6.59562e-03      
  3.84141e+01       6.90675e-03      
  3.96736e+01       7.15036e-03      
  4.09331e+01       7.43718e-03      
  4.21926e+01       7.69524e-03      
  4.34520e+01       7.93517e-03      
  4.47115e+01       8.17049e-03      
  4.59710e+01       8.39494e-03      
  4.72305e+01       8.59845e-03      
  4.84899e+01       8.78646e-03      
  4.97494e+01       8.95291e-03      
  5.10089e+01       9.11568e-03      
  5.22684e+01       9.25802e-03      
  5.35279e+01       9.40467e-03      
  5.47873e+01       9.52521e-03      
  5.60468e+01       9.62275e-03      
  5.73063e+01       9.72734e-03      
  5.85658e+01       9.76541e-03      
  5.98253e+01       9.83478e-03      
  6.10847e+01       9.82427e-03      
  6.23442e+01       9.84798e-03      
  6.36037e+01       9.83722e-03      
  6.48632e+01       9.82646e-03      
  6.61227e+01       9.78551e-03      
  6.73821e+01       9.73228e-03      
  6.86416e+01       9.65681e-03      
  6.99011e+01       9.55856e-03      
  7.11606e+01       9.44972e-03      
  7.24201e+01       9.32410e-03      
  7.36795e+01       9.17468e-03      
  7.49390e+01       9.03433e-03      
  7.61985e+01       8.85195e-03      
  7.74580e+01       8.68385e-03      
  7.87174e+01       8.47758e-03      
  7.99769e+01       8.27845e-03      
  8.12364e+01       8.03487e-03      
  8.24959e+01       7.81136e-03      
  8.37554e+01       7.54480e-03      
  8.50148e+01       7.29880e-03      
  8.62743e+01       7.03839e-03      
  8.75338e+01       6.73236e-03      
  8.87933e+01       6.44581e-03      
  9.00528e+01       6.14166e-03      
  9.13122e+01       5.83953e-03      
  9.25717e+01       5.50086e-03      
  9.38312e+01       5.17811e-03      
  9.50907e+01       4.85078e-03      
  9.63502e+01       4.48983e-03      
  9.76096e+01       4.13911e-03      
  9.88691e+01       3.81691e-03      
  1.00129e+02       3.48724e-03      
  1.01388e+02       3.16000e-03      
  1.02648e+02       2.83222e-03      
  1.03907e+02       2.50463e-03      
  1.05167e+02       2.18785e-03      
  1.06426e+02       1.88258e-03      
  1.07685e+02       1.59845e-03      
  1.08945e+02       1.32639e-03      
  1.10204e+02       1.07667e-03      
  1.11464e+02       8.36245e-04      
  1.12723e+02       6.20670e-04      
  1.13983e+02       4.40070e-04      
  1.15242e+02       2.93225e-04      
  1.16502e+02       1.66113e-04      
  1.17761e+02       7.20989e-05      
  1.19021e+02       1.52252e-05      
  1.20280e+02       1.12304e-07      
  1.21540e+02       0.00000e+00      
  1.22799e+02       0.00000e+00      
  1.24059e+02       0.00000e+00      
  1.25318e+02       0.00000e+00      
