# r                 p(r)             
  7.83951e+00       5.95371e-05      
  2.35185e+01       4.01397e-04      
  3.91975e+01       1.02433e-03      
  5.48765e+01       1.90768e-03      
  7.05555e+01       2.95148e-03      
  8.62346e+01       4.18329e-03      
  1.01914e+02       5.47774e-03      
  1.17593e+02       6.80308e-03      
  1.33272e+02       8.14787e-03      
  1.48951e+02       9.47196e-03      
  1.64630e+02       1.06571e-02      
  1.80309e+02       1.17772e-02      
  1.95988e+02       1.27282e-02      
  2.11667e+02       1.35345e-02      
  2.27346e+02       1.41761e-02      
  2.43025e+02       1.45671e-02      
  2.58704e+02       1.47326e-02      
  2.74383e+02       1.46907e-02      
  2.90062e+02       1.44068e-02      
  3.05741e+02       1.38705e-02      
  3.21420e+02       1.31099e-02      
  3.37099e+02       1.21356e-02      
  3.52778e+02       1.09679e-02      
  3.68457e+02       9.66869e-03      
  3.84136e+02       8.23255e-03      
  3.99815e+02       6.74846e-03      
  4.15494e+02       5.27971e-03      
  4.31173e+02       3.82984e-03      
  4.46852e+02       2.48342e-03      
  4.62531e+02       1.34255e-03      
  4.78210e+02       5.08965e-04      
  4.93889e+02       6.56037e-05      
  5.09568e+02       2.82166e-07      
  5.25247e+02       2.77464e-06      
  5.40926e+02       1.14121e-05      
  5.56605e+02       3.14145e-05      
  5.72284e+02       7.01654e-05      
  5.87963e+02       1.22899e-04      
  6.03642e+02       2.00025e-04      
  6.19321e+02       3.04395e-04      
  6.35000e+02       4.42970e-04      
  6.50679e+02       6.05952e-04      
  6.66358e+02       8.14285e-04      
  6.82037e+02       1.05942e-03      
  6.97716e+02       1.34252e-03      
  7.13395e+02       1.67041e-03      
  7.29074e+02       2.01203e-03      
  7.44753e+02       2.36024e-03      
  7.60432e+02       2.76841e-03      
  7.76111e+02       3.21152e-03      
  7.91790e+02       3.67686e-03      
  8.07469e+02       4.17623e-03      
  8.23148e+02       4.69337e-03      
  8.38827e+02       5.20031e-03      
  8.54506e+02       5.71644e-03      
  8.70185e+02       6.22122e-03      
  8.85864e+02       6.74708e-03      
  9.01543e+02       7.25704e-03      
  9.17222e+02       7.78306e-03      
  9.32901e+02       8.18397e-03      
  9.48580e+02       8.58378e-03      
  9.64259e+02       8.91526e-03      
  9.79938e+02       9.19749e-03      
  9.95617e+02       9.40153e-03      
  1.01130e+03       9.49792e-03      
  1.02698e+03       9.52967e-03      
  1.04265e+03       9.48444e-03      
  1.05833e+03       9.33356e-03      
  1.07401e+03       9.11878e-03      
  1.08969e+03       8.82271e-03      
  1.10537e+03       8.47389e-03      
  1.12105e+03       8.09275e-03      
  1.13673e+03       7.64269e-03      
  1.15241e+03       7.18496e-03      
  1.16809e+03       6.70937e-03      
  1.18377e+03       6.18911e-03      
  1.19944e+03       5.66115e-03      
  1.21512e+03       5.12492e-03      
  1.23080e+03       4.60778e-03      
  1.24648e+03       4.08041e-03      
  1.26216e+03       3.53866e-03      
  1.27784e+03       3.03511e-03      
  1.29352e+03       2.56055e-03      
  1.30920e+03       2.14122e-03      
  1.32488e+03       1.73285e-03      
  1.34056e+03       1.37893e-03      
  1.35623e+03       1.05927e-03      
  1.37191e+03       7.81397e-04      
  1.38759e+03       5.62749e-04      
  1.40327e+03       3.84577e-04      
  1.41895e+03       2.41017e-04      
  1.43463e+03       1.39045e-04      
  1.45031e+03       6.88172e-05      
  1.46599e+03       2.63982e-05      
  1.48167e+03       5.56495e-06      
  1.49735e+03       1.72435e-07      
  1.51302e+03       0.00000e+00      
  1.52870e+03       0.00000e+00      
  1.54438e+03       0.00000e+00      
  1.56006e+03       0.00000e+00      
