# Theoretical SAS data
# q            I           
  1.00000e-03  9.99543e-01 
  2.25063e-03  9.97689e-01 
  3.50125e-03  9.94416e-01 
  4.75188e-03  9.89737e-01 
  6.00251e-03  9.83669e-01 
  7.25313e-03  9.76238e-01 
  8.50376e-03  9.67470e-01 
  9.75439e-03  9.57402e-01 
  1.10050e-02  9.46070e-01 
  1.22556e-02  9.33519e-01 
  1.35063e-02  9.19795e-01 
  1.47569e-02  9.04952e-01 
  1.60075e-02  8.89044e-01 
  1.72581e-02  8.72131e-01 
  1.85088e-02  8.54274e-01 
  1.97594e-02  8.35538e-01 
  2.10100e-02  8.15991e-01 
  2.22607e-02  7.95702e-01 
  2.35113e-02  7.74742e-01 
  2.47619e-02  7.53183e-01 
  2.60125e-02  7.31098e-01 
  2.72632e-02  7.08561e-01 
  2.85138e-02  6.85646e-01 
  2.97644e-02  6.62425e-01 
  3.10150e-02  6.38972e-01 
  3.22657e-02  6.15359e-01 
  3.35163e-02  5.91656e-01 
  3.47669e-02  5.67932e-01 
  3.60175e-02  5.44253e-01 
  3.72682e-02  5.20685e-01 
  3.85188e-02  4.97290e-01 
  3.97694e-02  4.74127e-01 
  4.10201e-02  4.51252e-01 
  4.22707e-02  4.28719e-01 
  4.35213e-02  4.06579e-01 
  4.47719e-02  3.84877e-01 
  4.60226e-02  3.63656e-01 
  4.72732e-02  3.42956e-01 
  4.85238e-02  3.22812e-01 
  4.97744e-02  3.03257e-01 
  5.10251e-02  2.84317e-01 
  5.22757e-02  2.66018e-01 
  5.35263e-02  2.48380e-01 
  5.47769e-02  2.31418e-01 
  5.60276e-02  2.15148e-01 
  5.72782e-02  1.99577e-01 
  5.85288e-02  1.84712e-01 
  5.97794e-02  1.70557e-01 
  6.10301e-02  1.57110e-01 
  6.22807e-02  1.44369e-01 
  6.35313e-02  1.32327e-01 
  6.47820e-02  1.20976e-01 
  6.60326e-02  1.10305e-01 
  6.72832e-02  1.00299e-01 
  6.85338e-02  9.09447e-02 
  6.97845e-02  8.22234e-02 
  7.10351e-02  7.41164e-02 
  7.22857e-02  6.66034e-02 
  7.35363e-02  5.96627e-02 
  7.47870e-02  5.32716e-02 
  7.60376e-02  4.74065e-02 
  7.72882e-02  4.20431e-02 
  7.85388e-02  3.71567e-02 
  7.97895e-02  3.27223e-02 
  8.10401e-02  2.87147e-02 
  8.22907e-02  2.51086e-02 
  8.35414e-02  2.18791e-02 
  8.47920e-02  1.90013e-02 
  8.60426e-02  1.64509e-02 
  8.72932e-02  1.42040e-02 
  8.85439e-02  1.22374e-02 
  8.97945e-02  1.05286e-02 
  9.10451e-02  9.05572e-03 
  9.22957e-02  7.79790e-03 
  9.35464e-02  6.73511e-03 
  9.47970e-02  5.84827e-03 
  9.60476e-02  5.11928e-03 
  9.72982e-02  4.53104e-03 
  9.85489e-02  4.06746e-03 
  9.97995e-02  3.71348e-03 
  1.01050e-01  3.45505e-03 
  1.02301e-01  3.27915e-03 
  1.03551e-01  3.17375e-03 
  1.04802e-01  3.12778e-03 
  1.06053e-01  3.13114e-03 
  1.07303e-01  3.17464e-03 
  1.08554e-01  3.24996e-03 
  1.09805e-01  3.34965e-03 
  1.11055e-01  3.46703e-03 
  1.12306e-01  3.59622e-03 
  1.13556e-01  3.73201e-03 
  1.14807e-01  3.86989e-03 
  1.16058e-01  4.00597e-03 
  1.17308e-01  4.13694e-03 
  1.18559e-01  4.26001e-03 
  1.19810e-01  4.37289e-03 
  1.21060e-01  4.47375e-03 
  1.22311e-01  4.56112e-03 
  1.23561e-01  4.63395e-03 
  1.24812e-01  4.69148e-03 
  1.26063e-01  4.73325e-03 
  1.27313e-01  4.75906e-03 
  1.28564e-01  4.76892e-03 
  1.29815e-01  4.76306e-03 
  1.31065e-01  4.74186e-03 
  1.32316e-01  4.70584e-03 
  1.33566e-01  4.65565e-03 
  1.34817e-01  4.59204e-03 
  1.36068e-01  4.51583e-03 
  1.37318e-01  4.42791e-03 
  1.38569e-01  4.32921e-03 
  1.39820e-01  4.22070e-03 
  1.41070e-01  4.10339e-03 
  1.42321e-01  3.97827e-03 
  1.43571e-01  3.84635e-03 
  1.44822e-01  3.70864e-03 
  1.46073e-01  3.56612e-03 
  1.47323e-01  3.41978e-03 
  1.48574e-01  3.27055e-03 
  1.49825e-01  3.11937e-03 
  1.51075e-01  2.96712e-03 
  1.52326e-01  2.81465e-03 
  1.53576e-01  2.66278e-03 
  1.54827e-01  2.51229e-03 
  1.56078e-01  2.36390e-03 
  1.57328e-01  2.21830e-03 
  1.58579e-01  2.07612e-03 
  1.59830e-01  1.93796e-03 
  1.61080e-01  1.80435e-03 
  1.62331e-01  1.67578e-03 
  1.63581e-01  1.55268e-03 
  1.64832e-01  1.43543e-03 
  1.66083e-01  1.32437e-03 
  1.67333e-01  1.21976e-03 
  1.68584e-01  1.12184e-03 
  1.69835e-01  1.03076e-03 
  1.71085e-01  9.46651e-04 
  1.72336e-01  8.69568e-04 
  1.73586e-01  7.99527e-04 
  1.74837e-01  7.36493e-04 
  1.76088e-01  6.80384e-04 
  1.77338e-01  6.31071e-04 
  1.78589e-01  5.88382e-04 
  1.79840e-01  5.52105e-04 
  1.81090e-01  5.21990e-04 
  1.82341e-01  4.97752e-04 
  1.83591e-01  4.79075e-04 
  1.84842e-01  4.65615e-04 
  1.86093e-01  4.57002e-04 
  1.87343e-01  4.52848e-04 
  1.88594e-01  4.52747e-04 
  1.89845e-01  4.56281e-04 
  1.91095e-01  4.63022e-04 
  1.92346e-01  4.72539e-04 
  1.93596e-01  4.84400e-04 
  1.94847e-01  4.98176e-04 
  1.96098e-01  5.13445e-04 
  1.97348e-01  5.29794e-04 
  1.98599e-01  5.46827e-04 
  1.99850e-01  5.64163e-04 
  2.01100e-01  5.81440e-04 
  2.02351e-01  5.98321e-04 
  2.03602e-01  6.14492e-04 
  2.04852e-01  6.29666e-04 
  2.06103e-01  6.43584e-04 
  2.07353e-01  6.56018e-04 
  2.08604e-01  6.66770e-04 
  2.09855e-01  6.75671e-04 
  2.11105e-01  6.82587e-04 
  2.12356e-01  6.87412e-04 
  2.13607e-01  6.90073e-04 
  2.14857e-01  6.90525e-04 
  2.16108e-01  6.88753e-04 
  2.17358e-01  6.84771e-04 
  2.18609e-01  6.78616e-04 
  2.19860e-01  6.70352e-04 
  2.21110e-01  6.60063e-04 
  2.22361e-01  6.47857e-04 
  2.23612e-01  6.33855e-04 
  2.24862e-01  6.18199e-04 
  2.26113e-01  6.01040e-04 
  2.27363e-01  5.82541e-04 
  2.28614e-01  5.62876e-04 
  2.29865e-01  5.42223e-04 
  2.31115e-01  5.20763e-04 
  2.32366e-01  4.98680e-04 
  2.33617e-01  4.76158e-04 
  2.34867e-01  4.53376e-04 
  2.36118e-01  4.30512e-04 
  2.37368e-01  4.07735e-04 
  2.38619e-01  3.85208e-04 
  2.39870e-01  3.63083e-04 
  2.41120e-01  3.41505e-04 
  2.42371e-01  3.20603e-04 
  2.43622e-01  3.00498e-04 
  2.44872e-01  2.81298e-04 
  2.46123e-01  2.63094e-04 
  2.47373e-01  2.45968e-04 
  2.48624e-01  2.29986e-04 
  2.49875e-01  2.15202e-04 
  2.51125e-01  2.01653e-04 
  2.52376e-01  1.89368e-04 
  2.53627e-01  1.78359e-04 
  2.54877e-01  1.68630e-04 
  2.56128e-01  1.60169e-04 
  2.57378e-01  1.52956e-04 
  2.58629e-01  1.46962e-04 
  2.59880e-01  1.42146e-04 
  2.61130e-01  1.38461e-04 
  2.62381e-01  1.35851e-04 
  2.63632e-01  1.34255e-04 
  2.64882e-01  1.33606e-04 
  2.66133e-01  1.33831e-04 
  2.67383e-01  1.34857e-04 
  2.68634e-01  1.36603e-04 
  2.69885e-01  1.38989e-04 
  2.71135e-01  1.41934e-04 
  2.72386e-01  1.45356e-04 
  2.73637e-01  1.49173e-04 
  2.74887e-01  1.53303e-04 
  2.76138e-01  1.57667e-04 
  2.77388e-01  1.62189e-04 
  2.78639e-01  1.66792e-04 
  2.79890e-01  1.71405e-04 
  2.81140e-01  1.75960e-04 
  2.82391e-01  1.80394e-04 
  2.83642e-01  1.84644e-04 
  2.84892e-01  1.88657e-04 
  2.86143e-01  1.92381e-04 
  2.87393e-01  1.95770e-04 
  2.88644e-01  1.98782e-04 
  2.89895e-01  2.01383e-04 
  2.91145e-01  2.03541e-04 
  2.92396e-01  2.05232e-04 
  2.93647e-01  2.06434e-04 
  2.94897e-01  2.07134e-04 
  2.96148e-01  2.07322e-04 
  2.97398e-01  2.06993e-04 
  2.98649e-01  2.06147e-04 
  2.99900e-01  2.04791e-04 
  3.01150e-01  2.02934e-04 
  3.02401e-01  2.00591e-04 
  3.03652e-01  1.97780e-04 
  3.04902e-01  1.94525e-04 
  3.06153e-01  1.90852e-04 
  3.07404e-01  1.86790e-04 
  3.08654e-01  1.82374e-04 
  3.09905e-01  1.77638e-04 
  3.11155e-01  1.72622e-04 
  3.12406e-01  1.67365e-04 
  3.13657e-01  1.61910e-04 
  3.14907e-01  1.56300e-04 
  3.16158e-01  1.50579e-04 
  3.17409e-01  1.44791e-04 
  3.18659e-01  1.38982e-04 
  3.19910e-01  1.33195e-04 
  3.21160e-01  1.27474e-04 
  3.22411e-01  1.21861e-04 
  3.23662e-01  1.16396e-04 
  3.24912e-01  1.11118e-04 
  3.26163e-01  1.06064e-04 
  3.27414e-01  1.01266e-04 
  3.28664e-01  9.67561e-05 
  3.29915e-01  9.25605e-05 
  3.31165e-01  8.87036e-05 
  3.32416e-01  8.52055e-05 
  3.33667e-01  8.20826e-05 
  3.34917e-01  7.93471e-05 
  3.36168e-01  7.70077e-05 
  3.37419e-01  7.50684e-05 
  3.38669e-01  7.35297e-05 
  3.39920e-01  7.23878e-05 
  3.41170e-01  7.16352e-05 
  3.42421e-01  7.12605e-05 
  3.43672e-01  7.12491e-05 
  3.44922e-01  7.15828e-05 
  3.46173e-01  7.22404e-05 
  3.47424e-01  7.31980e-05 
  3.48674e-01  7.44294e-05 
  3.49925e-01  7.59062e-05 
  3.51175e-01  7.75984e-05 
  3.52426e-01  7.94745e-05 
  3.53677e-01  8.15024e-05 
  3.54927e-01  8.36492e-05 
  3.56178e-01  8.58819e-05 
  3.57429e-01  8.81681e-05 
  3.58679e-01  9.04756e-05 
  3.59930e-01  9.27736e-05 
  3.61180e-01  9.50324e-05 
  3.62431e-01  9.72240e-05 
  3.63682e-01  9.93225e-05 
  3.64932e-01  1.01304e-04 
  3.66183e-01  1.03148e-04 
  3.67434e-01  1.04835e-04 
  3.68684e-01  1.06349e-04 
  3.69935e-01  1.07678e-04 
  3.71185e-01  1.08811e-04 
  3.72436e-01  1.09742e-04 
  3.73687e-01  1.10466e-04 
  3.74937e-01  1.10982e-04 
  3.76188e-01  1.11293e-04 
  3.77439e-01  1.11401e-04 
  3.78689e-01  1.11315e-04 
  3.79940e-01  1.11042e-04 
  3.81190e-01  1.10596e-04 
  3.82441e-01  1.09988e-04 
  3.83692e-01  1.09234e-04 
  3.84942e-01  1.08349e-04 
  3.86193e-01  1.07352e-04 
  3.87444e-01  1.06259e-04 
  3.88694e-01  1.05089e-04 
  3.89945e-01  1.03861e-04 
  3.91195e-01  1.02593e-04 
  3.92446e-01  1.01304e-04 
  3.93697e-01  1.00011e-04 
  3.94947e-01  9.87302e-05 
  3.96198e-01  9.74777e-05 
  3.97449e-01  9.62679e-05 
  3.98699e-01  9.51135e-05 
  3.99950e-01  9.40260e-05 
  4.01201e-01  9.30150e-05 
  4.02451e-01  9.20885e-05 
  4.03702e-01  9.12525e-05 
  4.04952e-01  9.05114e-05 
  4.06203e-01  8.98676e-05 
  4.07454e-01  8.93216e-05 
  4.08704e-01  8.88725e-05 
  4.09955e-01  8.85174e-05 
  4.11206e-01  8.82520e-05 
  4.12456e-01  8.80705e-05 
  4.13707e-01  8.79657e-05 
  4.14957e-01  8.79295e-05 
  4.16208e-01  8.79525e-05 
  4.17459e-01  8.80247e-05 
  4.18709e-01  8.81352e-05 
  4.19960e-01  8.82730e-05 
  4.21211e-01  8.84265e-05 
  4.22461e-01  8.85840e-05 
  4.23712e-01  8.87339e-05 
  4.24962e-01  8.88649e-05 
  4.26213e-01  8.89659e-05 
  4.27464e-01  8.90263e-05 
  4.28714e-01  8.90362e-05 
  4.29965e-01  8.89864e-05 
  4.31216e-01  8.88685e-05 
  4.32466e-01  8.86750e-05 
  4.33717e-01  8.83993e-05 
  4.34967e-01  8.80358e-05 
  4.36218e-01  8.75802e-05 
  4.37469e-01  8.70288e-05 
  4.38719e-01  8.63792e-05 
  4.39970e-01  8.56300e-05 
  4.41221e-01  8.47809e-05 
  4.42471e-01  8.38322e-05 
  4.43722e-01  8.27854e-05 
  4.44972e-01  8.16428e-05 
  4.46223e-01  8.04072e-05 
  4.47474e-01  7.90826e-05 
  4.48724e-01  7.76731e-05 
  4.49975e-01  7.61836e-05 
  4.51226e-01  7.46193e-05 
  4.52476e-01  7.29860e-05 
  4.53727e-01  7.12897e-05 
  4.54977e-01  6.95363e-05 
  4.56228e-01  6.77324e-05 
  4.57479e-01  6.58842e-05 
  4.58729e-01  6.39982e-05 
  4.59980e-01  6.20807e-05 
  4.61231e-01  6.01380e-05 
  4.62481e-01  5.81764e-05 
  4.63732e-01  5.62017e-05 
  4.64982e-01  5.42199e-05 
  4.66233e-01  5.22365e-05 
  4.67484e-01  5.02570e-05 
  4.68734e-01  4.82865e-05 
  4.69985e-01  4.63301e-05 
  4.71236e-01  4.43925e-05 
  4.72486e-01  4.24782e-05 
  4.73737e-01  4.05916e-05 
  4.74987e-01  3.87367e-05 
  4.76238e-01  3.69177e-05 
  4.77489e-01  3.51382e-05 
  4.78739e-01  3.34020e-05 
  4.79990e-01  3.17126e-05 
  4.81241e-01  3.00733e-05 
  4.82491e-01  2.84874e-05 
  4.83742e-01  2.69581e-05 
  4.84992e-01  2.54885e-05 
  4.86243e-01  2.40814e-05 
  4.87494e-01  2.27398e-05 
  4.88744e-01  2.14662e-05 
  4.89995e-01  2.02634e-05 
  4.91246e-01  1.91336e-05 
  4.92496e-01  1.80793e-05 
  4.93747e-01  1.71023e-05 
  4.94997e-01  1.62047e-05 
  4.96248e-01  1.53880e-05 
  4.97499e-01  1.46537e-05 
  4.98749e-01  1.40028e-05 
  5.00000e-01  1.34360e-05 
