# r                 p(r)             
  6.20874e-01       9.15672e-06      
  1.86262e+00       6.73264e-05      
  3.10437e+00       1.78597e-04      
  4.34612e+00       3.35855e-04      
  5.58786e+00       5.44416e-04      
  6.82961e+00       7.99087e-04      
  8.07136e+00       1.07788e-03      
  9.31310e+00       1.39844e-03      
  1.05549e+01       1.73998e-03      
  1.17966e+01       2.11851e-03      
  1.30383e+01       2.54103e-03      
  1.42801e+01       2.97781e-03      
  1.55218e+01       3.42527e-03      
  1.67636e+01       3.87730e-03      
  1.80053e+01       4.36211e-03      
  1.92471e+01       4.83229e-03      
  2.04888e+01       5.33411e-03      
  2.17306e+01       5.80912e-03      
  2.29723e+01       6.31601e-03      
  2.42141e+01       6.76036e-03      
  2.54558e+01       7.24419e-03      
  2.66976e+01       7.69454e-03      
  2.79393e+01       8.16011e-03      
  2.91811e+01       8.61986e-03      
  3.04228e+01       9.02027e-03      
  3.16646e+01       9.46571e-03      
  3.29063e+01       9.84821e-03      
  3.41480e+01       1.01955e-02      
  3.53898e+01       1.05396e-02      
  3.66315e+01       1.08106e-02      
  3.78733e+01       1.11053e-02      
  3.91150e+01       1.13587e-02      
  4.03568e+01       1.16132e-02      
  4.15985e+01       1.17301e-02      
  4.28403e+01       1.18955e-02      
  4.40820e+01       1.20169e-02      
  4.53238e+01       1.21506e-02      
  4.65655e+01       1.21902e-02      
  4.78073e+01       1.21512e-02      
  4.90490e+01       1.21729e-02      
  5.02908e+01       1.21061e-02      
  5.15325e+01       1.19805e-02      
  5.27743e+01       1.18172e-02      
  5.40160e+01       1.16715e-02      
  5.52578e+01       1.14600e-02      
  5.64995e+01       1.11986e-02      
  5.77412e+01       1.09879e-02      
  5.89830e+01       1.06489e-02      
  6.02247e+01       1.03470e-02      
  6.14665e+01       9.96954e-03      
  6.27082e+01       9.57731e-03      
  6.39500e+01       9.18202e-03      
  6.51917e+01       8.76339e-03      
  6.64335e+01       8.28053e-03      
  6.76752e+01       7.83140e-03      
  6.89170e+01       7.39397e-03      
  7.01587e+01       6.92170e-03      
  7.14005e+01       6.42875e-03      
  7.26422e+01       5.93237e-03      
  7.38840e+01       5.49150e-03      
  7.51257e+01       5.01813e-03      
  7.63675e+01       4.57742e-03      
  7.76092e+01       4.16582e-03      
  7.88510e+01       3.78585e-03      
  8.00927e+01       3.43324e-03      
  8.13344e+01       3.10744e-03      
  8.25762e+01       2.81843e-03      
  8.38179e+01       2.54418e-03      
  8.50597e+01       2.29813e-03      
  8.63014e+01       2.07890e-03      
  8.75432e+01       1.87422e-03      
  8.87849e+01       1.66673e-03      
  9.00267e+01       1.48699e-03      
  9.12684e+01       1.32245e-03      
  9.25102e+01       1.16589e-03      
  9.37519e+01       1.01644e-03      
  9.49937e+01       8.88447e-04      
  9.62354e+01       7.52241e-04      
  9.74772e+01       6.55155e-04      
  9.87189e+01       5.47727e-04      
  9.99607e+01       4.63395e-04      
  1.01202e+02       3.90305e-04      
  1.02444e+02       3.21507e-04      
  1.03686e+02       2.65504e-04      
  1.04928e+02       2.12444e-04      
  1.06169e+02       1.68786e-04      
  1.07411e+02       1.29012e-04      
  1.08653e+02       9.74945e-05      
  1.09895e+02       6.67132e-05      
  1.11136e+02       4.50069e-05      
  1.12378e+02       2.93505e-05      
  1.13620e+02       1.48797e-05      
  1.14862e+02       7.76686e-06      
  1.16103e+02       3.88343e-06      
  1.17345e+02       1.02195e-06      
  1.18587e+02       2.04391e-07      
  1.19829e+02       0.00000e+00      
  1.21070e+02       0.00000e+00      
  1.22312e+02       0.00000e+00      
  1.23554e+02       0.00000e+00      
