# Theoretical SAS data
# q            I           
  1.00000e-03  9.99409e-01 
  2.25063e-03  9.97012e-01 
  3.50125e-03  9.92785e-01 
  4.75188e-03  9.86753e-01 
  6.00251e-03  9.78954e-01 
  7.25313e-03  9.69433e-01 
  8.50376e-03  9.58247e-01 
  9.75439e-03  9.45461e-01 
  1.10050e-02  9.31151e-01 
  1.22556e-02  9.15399e-01 
  1.35063e-02  8.98296e-01 
  1.47569e-02  8.79937e-01 
  1.60075e-02  8.60426e-01 
  1.72581e-02  8.39871e-01 
  1.85088e-02  8.18381e-01 
  1.97594e-02  7.96072e-01 
  2.10100e-02  7.73058e-01 
  2.22607e-02  7.49459e-01 
  2.35113e-02  7.25390e-01 
  2.47619e-02  7.00967e-01 
  2.60125e-02  6.76306e-01 
  2.72632e-02  6.51517e-01 
  2.85138e-02  6.26710e-01 
  2.97644e-02  6.01989e-01 
  3.10150e-02  5.77451e-01 
  3.22657e-02  5.53193e-01 
  3.35163e-02  5.29300e-01 
  3.47669e-02  5.05854e-01 
  3.60175e-02  4.82929e-01 
  3.72682e-02  4.60592e-01 
  3.85188e-02  4.38902e-01 
  3.97694e-02  4.17912e-01 
  4.10201e-02  3.97664e-01 
  4.22707e-02  3.78196e-01 
  4.35213e-02  3.59535e-01 
  4.47719e-02  3.41704e-01 
  4.60226e-02  3.24717e-01 
  4.72732e-02  3.08580e-01 
  4.85238e-02  2.93295e-01 
  4.97744e-02  2.78855e-01 
  5.10251e-02  2.65249e-01 
  5.22757e-02  2.52461e-01 
  5.35263e-02  2.40470e-01 
  5.47769e-02  2.29249e-01 
  5.60276e-02  2.18769e-01 
  5.72782e-02  2.08998e-01 
  5.85288e-02  1.99901e-01 
  5.97794e-02  1.91440e-01 
  6.10301e-02  1.83577e-01 
  6.22807e-02  1.76271e-01 
  6.35313e-02  1.69483e-01 
  6.47820e-02  1.63171e-01 
  6.60326e-02  1.57296e-01 
  6.72832e-02  1.51818e-01 
  6.85338e-02  1.46698e-01 
  6.97845e-02  1.41900e-01 
  7.10351e-02  1.37388e-01 
  7.22857e-02  1.33128e-01 
  7.35363e-02  1.29089e-01 
  7.47870e-02  1.25241e-01 
  7.60376e-02  1.21559e-01 
  7.72882e-02  1.18017e-01 
  7.85388e-02  1.14593e-01 
  7.97895e-02  1.11268e-01 
  8.10401e-02  1.08025e-01 
  8.22907e-02  1.04849e-01 
  8.35414e-02  1.01728e-01 
  8.47920e-02  9.86508e-02 
  8.60426e-02  9.56105e-02 
  8.72932e-02  9.26006e-02 
  8.85439e-02  8.96166e-02 
  8.97945e-02  8.66557e-02 
  9.10451e-02  8.37168e-02 
  9.22957e-02  8.07997e-02 
  9.35464e-02  7.79057e-02 
  9.47970e-02  7.50367e-02 
  9.60476e-02  7.21956e-02 
  9.72982e-02  6.93858e-02 
  9.85489e-02  6.66111e-02 
  9.97995e-02  6.38759e-02 
  1.01050e-01  6.11845e-02 
  1.02301e-01  5.85414e-02 
  1.03551e-01  5.59509e-02 
  1.04802e-01  5.34173e-02 
  1.06053e-01  5.09448e-02 
  1.07303e-01  4.85370e-02 
  1.08554e-01  4.61974e-02 
  1.09805e-01  4.39290e-02 
  1.11055e-01  4.17343e-02 
  1.12306e-01  3.96154e-02 
  1.13556e-01  3.75741e-02 
  1.14807e-01  3.56115e-02 
  1.16058e-01  3.37283e-02 
  1.17308e-01  3.19249e-02 
  1.18559e-01  3.02009e-02 
  1.19810e-01  2.85559e-02 
  1.21060e-01  2.69889e-02 
  1.22311e-01  2.54986e-02 
  1.23561e-01  2.40833e-02 
  1.24812e-01  2.27412e-02 
  1.26063e-01  2.14700e-02 
  1.27313e-01  2.02675e-02 
  1.28564e-01  1.91310e-02 
  1.29815e-01  1.80578e-02 
  1.31065e-01  1.70452e-02 
  1.32316e-01  1.60904e-02 
  1.33566e-01  1.51903e-02 
  1.34817e-01  1.43421e-02 
  1.36068e-01  1.35429e-02 
  1.37318e-01  1.27898e-02 
  1.38569e-01  1.20799e-02 
  1.39820e-01  1.14105e-02 
  1.41070e-01  1.07789e-02 
  1.42321e-01  1.01826e-02 
  1.43571e-01  9.61911e-03 
  1.44822e-01  9.08608e-03 
  1.46073e-01  8.58132e-03 
  1.47323e-01  8.10276e-03 
  1.48574e-01  7.64846e-03 
  1.49825e-01  7.21664e-03 
  1.51075e-01  6.80563e-03 
  1.52326e-01  6.41394e-03 
  1.53576e-01  6.04019e-03 
  1.54827e-01  5.68314e-03 
  1.56078e-01  5.34169e-03 
  1.57328e-01  5.01488e-03 
  1.58579e-01  4.70184e-03 
  1.59830e-01  4.40184e-03 
  1.61080e-01  4.11427e-03 
  1.62331e-01  3.83861e-03 
  1.63581e-01  3.57443e-03 
  1.64832e-01  3.32140e-03 
  1.66083e-01  3.07927e-03 
  1.67333e-01  2.84785e-03 
  1.68584e-01  2.62704e-03 
  1.69835e-01  2.41675e-03 
  1.71085e-01  2.21697e-03 
  1.72336e-01  2.02772e-03 
  1.73586e-01  1.84903e-03 
  1.74837e-01  1.68095e-03 
  1.76088e-01  1.52355e-03 
  1.77338e-01  1.37690e-03 
  1.78589e-01  1.24103e-03 
  1.79840e-01  1.11598e-03 
  1.81090e-01  1.00178e-03 
  1.82341e-01  8.98387e-04 
  1.83591e-01  8.05757e-04 
  1.84842e-01  7.23790e-04 
  1.86093e-01  6.52345e-04 
  1.87343e-01  5.91232e-04 
  1.88594e-01  5.40209e-04 
  1.89845e-01  4.98988e-04 
  1.91095e-01  4.67223e-04 
  1.92346e-01  4.44524e-04 
  1.93596e-01  4.30448e-04 
  1.94847e-01  4.24508e-04 
  1.96098e-01  4.26175e-04 
  1.97348e-01  4.34882e-04 
  1.98599e-01  4.50027e-04 
  1.99850e-01  4.70985e-04 
  2.01100e-01  4.97108e-04 
  2.02351e-01  5.27733e-04 
  2.03602e-01  5.62191e-04 
  2.04852e-01  5.99811e-04 
  2.06103e-01  6.39932e-04 
  2.07353e-01  6.81903e-04 
  2.08604e-01  7.25094e-04 
  2.09855e-01  7.68903e-04 
  2.11105e-01  8.12759e-04 
  2.12356e-01  8.56130e-04 
  2.13607e-01  8.98526e-04 
  2.14857e-01  9.39504e-04 
  2.16108e-01  9.78669e-04 
  2.17358e-01  1.01568e-03 
  2.18609e-01  1.05026e-03 
  2.19860e-01  1.08216e-03 
  2.21110e-01  1.11122e-03 
  2.22361e-01  1.13730e-03 
  2.23612e-01  1.16035e-03 
  2.24862e-01  1.18033e-03 
  2.26113e-01  1.19728e-03 
  2.27363e-01  1.21128e-03 
  2.28614e-01  1.22242e-03 
  2.29865e-01  1.23086e-03 
  2.31115e-01  1.23677e-03 
  2.32366e-01  1.24035e-03 
  2.33617e-01  1.24183e-03 
  2.34867e-01  1.24143e-03 
  2.36118e-01  1.23941e-03 
  2.37368e-01  1.23600e-03 
  2.38619e-01  1.23146e-03 
  2.39870e-01  1.22603e-03 
  2.41120e-01  1.21993e-03 
  2.42371e-01  1.21338e-03 
  2.43622e-01  1.20658e-03 
  2.44872e-01  1.19970e-03 
  2.46123e-01  1.19290e-03 
  2.47373e-01  1.18631e-03 
  2.48624e-01  1.18003e-03 
  2.49875e-01  1.17413e-03 
  2.51125e-01  1.16867e-03 
  2.52376e-01  1.16366e-03 
  2.53627e-01  1.15910e-03 
  2.54877e-01  1.15497e-03 
  2.56128e-01  1.15122e-03 
  2.57378e-01  1.14776e-03 
  2.58629e-01  1.14452e-03 
  2.59880e-01  1.14138e-03 
  2.61130e-01  1.13823e-03 
  2.62381e-01  1.13494e-03 
  2.63632e-01  1.13138e-03 
  2.64882e-01  1.12741e-03 
  2.66133e-01  1.12289e-03 
  2.67383e-01  1.11768e-03 
  2.68634e-01  1.11166e-03 
  2.69885e-01  1.10470e-03 
  2.71135e-01  1.09669e-03 
  2.72386e-01  1.08753e-03 
  2.73637e-01  1.07714e-03 
  2.74887e-01  1.06543e-03 
  2.76138e-01  1.05237e-03 
  2.77388e-01  1.03791e-03 
  2.78639e-01  1.02203e-03 
  2.79890e-01  1.00474e-03 
  2.81140e-01  9.86050e-04 
  2.82391e-01  9.66002e-04 
  2.83642e-01  9.44648e-04 
  2.84892e-01  9.22057e-04 
  2.86143e-01  8.98315e-04 
  2.87393e-01  8.73519e-04 
  2.88644e-01  8.47781e-04 
  2.89895e-01  8.21220e-04 
  2.91145e-01  7.93966e-04 
  2.92396e-01  7.66154e-04 
  2.93647e-01  7.37926e-04 
  2.94897e-01  7.09425e-04 
  2.96148e-01  6.80794e-04 
  2.97398e-01  6.52176e-04 
  2.98649e-01  6.23711e-04 
  2.99900e-01  5.95535e-04 
  3.01150e-01  5.67777e-04 
  3.02401e-01  5.40558e-04 
  3.03652e-01  5.13990e-04 
  3.04902e-01  4.88177e-04 
  3.06153e-01  4.63209e-04 
  3.07404e-01  4.39166e-04 
  3.08654e-01  4.16116e-04 
  3.09905e-01  3.94114e-04 
  3.11155e-01  3.73202e-04 
  3.12406e-01  3.53408e-04 
  3.13657e-01  3.34751e-04 
  3.14907e-01  3.17234e-04 
  3.16158e-01  3.00850e-04 
  3.17409e-01  2.85582e-04 
  3.18659e-01  2.71402e-04 
  3.19910e-01  2.58273e-04 
  3.21160e-01  2.46150e-04 
  3.22411e-01  2.34980e-04 
  3.23662e-01  2.24705e-04 
  3.24912e-01  2.15265e-04 
  3.26163e-01  2.06591e-04 
  3.27414e-01  1.98617e-04 
  3.28664e-01  1.91274e-04 
  3.29915e-01  1.84492e-04 
  3.31165e-01  1.78205e-04 
  3.32416e-01  1.72349e-04 
  3.33667e-01  1.66860e-04 
  3.34917e-01  1.61683e-04 
  3.36168e-01  1.56766e-04 
  3.37419e-01  1.52060e-04 
  3.38669e-01  1.47527e-04 
  3.39920e-01  1.43131e-04 
  3.41170e-01  1.38846e-04 
  3.42421e-01  1.34652e-04 
  3.43672e-01  1.30534e-04 
  3.44922e-01  1.26486e-04 
  3.46173e-01  1.22508e-04 
  3.47424e-01  1.18604e-04 
  3.48674e-01  1.14787e-04 
  3.49925e-01  1.11072e-04 
  3.51175e-01  1.07479e-04 
  3.52426e-01  1.04033e-04 
  3.53677e-01  1.00760e-04 
  3.54927e-01  9.76900e-05 
  3.56178e-01  9.48516e-05 
  3.57429e-01  9.22758e-05 
  3.58679e-01  8.99923e-05 
  3.59930e-01  8.80299e-05 
  3.61180e-01  8.64149e-05 
  3.62431e-01  8.51714e-05 
  3.63682e-01  8.43197e-05 
  3.64932e-01  8.38765e-05 
  3.66183e-01  8.38538e-05 
  3.67434e-01  8.42591e-05 
  3.68684e-01  8.50947e-05 
  3.69935e-01  8.63575e-05 
  3.71185e-01  8.80394e-05 
  3.72436e-01  9.01268e-05 
  3.73687e-01  9.26009e-05 
  3.74937e-01  9.54381e-05 
  3.76188e-01  9.86099e-05 
  3.77439e-01  1.02084e-04 
  3.78689e-01  1.05824e-04 
  3.79940e-01  1.09790e-04 
  3.81190e-01  1.13939e-04 
  3.82441e-01  1.18229e-04 
  3.83692e-01  1.22612e-04 
  3.84942e-01  1.27043e-04 
  3.86193e-01  1.31476e-04 
  3.87444e-01  1.35865e-04 
  3.88694e-01  1.40165e-04 
  3.89945e-01  1.44334e-04 
  3.91195e-01  1.48333e-04 
  3.92446e-01  1.52124e-04 
  3.93697e-01  1.55674e-04 
  3.94947e-01  1.58955e-04 
  3.96198e-01  1.61940e-04 
  3.97449e-01  1.64609e-04 
  3.98699e-01  1.66946e-04 
  3.99950e-01  1.68939e-04 
  4.01201e-01  1.70582e-04 
  4.02451e-01  1.71873e-04 
  4.03702e-01  1.72815e-04 
  4.04952e-01  1.73413e-04 
  4.06203e-01  1.73678e-04 
  4.07454e-01  1.73626e-04 
  4.08704e-01  1.73272e-04 
  4.09955e-01  1.72638e-04 
  4.11206e-01  1.71747e-04 
  4.12456e-01  1.70622e-04 
  4.13707e-01  1.69289e-04 
  4.14957e-01  1.67776e-04 
  4.16208e-01  1.66109e-04 
  4.17459e-01  1.64314e-04 
  4.18709e-01  1.62420e-04 
  4.19960e-01  1.60450e-04 
  4.21211e-01  1.58428e-04 
  4.22461e-01  1.56377e-04 
  4.23712e-01  1.54317e-04 
  4.24962e-01  1.52266e-04 
  4.26213e-01  1.50238e-04 
  4.27464e-01  1.48246e-04 
  4.28714e-01  1.46301e-04 
  4.29965e-01  1.44409e-04 
  4.31216e-01  1.42574e-04 
  4.32466e-01  1.40798e-04 
  4.33717e-01  1.39081e-04 
  4.34967e-01  1.37418e-04 
  4.36218e-01  1.35804e-04 
  4.37469e-01  1.34232e-04 
  4.38719e-01  1.32692e-04 
  4.39970e-01  1.31173e-04 
  4.41221e-01  1.29664e-04 
  4.42471e-01  1.28152e-04 
  4.43722e-01  1.26623e-04 
  4.44972e-01  1.25064e-04 
  4.46223e-01  1.23463e-04 
  4.47474e-01  1.21804e-04 
  4.48724e-01  1.20078e-04 
  4.49975e-01  1.18272e-04 
  4.51226e-01  1.16376e-04 
  4.52476e-01  1.14381e-04 
  4.53727e-01  1.12281e-04 
  4.54977e-01  1.10069e-04 
  4.56228e-01  1.07743e-04 
  4.57479e-01  1.05299e-04 
  4.58729e-01  1.02740e-04 
  4.59980e-01  1.00066e-04 
  4.61231e-01  9.72814e-05 
  4.62481e-01  9.43930e-05 
  4.63732e-01  9.14083e-05 
  4.64982e-01  8.83369e-05 
  4.66233e-01  8.51899e-05 
  4.67484e-01  8.19800e-05 
  4.68734e-01  7.87211e-05 
  4.69985e-01  7.54282e-05 
  4.71236e-01  7.21172e-05 
  4.72486e-01  6.88045e-05 
  4.73737e-01  6.55074e-05 
  4.74987e-01  6.22432e-05 
  4.76238e-01  5.90292e-05 
  4.77489e-01  5.58826e-05 
  4.78739e-01  5.28204e-05 
  4.79990e-01  4.98588e-05 
  4.81241e-01  4.70134e-05 
  4.82491e-01  4.42987e-05 
  4.83742e-01  4.17284e-05 
  4.84992e-01  3.93148e-05 
  4.86243e-01  3.70688e-05 
  4.87494e-01  3.50001e-05 
  4.88744e-01  3.31165e-05 
  4.89995e-01  3.14246e-05 
  4.91246e-01  2.99290e-05 
  4.92496e-01  2.86330e-05 
  4.93747e-01  2.75379e-05 
  4.94997e-01  2.66436e-05 
  4.96248e-01  2.59483e-05 
  4.97499e-01  2.54488e-05 
  4.98749e-01  2.51403e-05 
  5.00000e-01  2.50166e-05 
