# Simulated SAS data with noise
# sigma generated using Sedlak et al, k=100000, c=0.55, https://doi.org/10.1107/S1600576717003077, and rebinned with 10 per bin)
# q            I            sigma       
  1.00000e-03  2.25087e-01  9.76923e-03 
  2.25063e-03  2.03296e-01  6.50415e-03 
  3.50125e-03  2.11702e-01  5.20372e-03 
  4.75188e-03  2.11181e-01  4.45326e-03 
  6.00251e-03  2.01592e-01  3.94669e-03 
  7.25313e-03  1.98965e-01  3.57296e-03 
  8.50376e-03  2.08437e-01  3.28081e-03 
  9.75439e-03  2.05131e-01  3.04292e-03 
  1.10050e-02  1.96442e-01  2.84319e-03 
  1.22556e-02  1.91509e-01  2.67149e-03 
  1.35063e-02  1.95125e-01  2.52108e-03 
  1.47569e-02  1.88642e-01  2.38729e-03 
  1.60075e-02  1.82677e-01  2.26677e-03 
  1.72581e-02  1.77537e-01  2.15706e-03 
  1.85088e-02  1.75193e-01  2.05629e-03 
  1.97594e-02  1.71842e-01  1.96306e-03 
  2.10100e-02  1.64398e-01  1.87624e-03 
  2.22607e-02  1.61098e-01  1.79497e-03 
  2.35113e-02  1.50711e-01  1.71854e-03 
  2.47619e-02  1.52219e-01  1.64640e-03 
  2.60125e-02  1.42538e-01  1.57809e-03 
  2.72632e-02  1.38091e-01  1.51323e-03 
  2.85138e-02  1.31979e-01  1.45151e-03 
  2.97644e-02  1.28236e-01  1.39267e-03 
  3.10150e-02  1.24401e-01  1.33651e-03 
  3.22657e-02  1.19706e-01  1.28285e-03 
  3.35163e-02  1.14976e-01  1.23152e-03 
  3.47669e-02  1.07608e-01  1.18241e-03 
  3.60175e-02  1.03471e-01  1.13541e-03 
  3.72682e-02  9.86771e-02  1.09043e-03 
  3.85188e-02  9.34329e-02  1.04738e-03 
  3.97694e-02  8.78680e-02  1.00619e-03 
  4.10201e-02  8.49280e-02  9.66809e-04 
  4.22707e-02  7.97921e-02  9.29175e-04 
  4.35213e-02  7.76549e-02  8.93238e-04 
  4.47719e-02  7.24086e-02  8.58952e-04 
  4.60226e-02  6.89024e-02  8.26273e-04 
  4.72732e-02  6.69222e-02  7.95158e-04 
  4.85238e-02  6.29347e-02  7.65566e-04 
  4.97744e-02  5.96544e-02  7.37454e-04 
  5.10251e-02  5.79798e-02  7.10780e-04 
  5.22757e-02  5.30654e-02  6.85501e-04 
  5.35263e-02  5.14753e-02  6.61570e-04 
  5.47769e-02  4.84889e-02  6.38941e-04 
  5.60276e-02  4.66197e-02  6.17564e-04 
  5.72782e-02  4.43952e-02  5.97388e-04 
  5.85288e-02  4.26070e-02  5.78359e-04 
  5.97794e-02  4.06965e-02  5.60421e-04 
  6.10301e-02  3.90983e-02  5.43517e-04 
  6.22807e-02  3.88381e-02  5.27588e-04 
  6.35313e-02  3.56740e-02  5.12573e-04 
  6.47820e-02  3.43857e-02  4.98412e-04 
  6.60326e-02  3.34440e-02  4.85044e-04 
  6.72832e-02  3.31816e-02  4.72408e-04 
  6.85338e-02  3.12011e-02  4.60445e-04 
  6.97845e-02  3.07366e-02  4.49094e-04 
  7.10351e-02  2.98487e-02  4.38301e-04 
  7.22857e-02  2.79284e-02  4.28010e-04 
  7.35363e-02  2.79292e-02  4.18169e-04 
  7.47870e-02  2.64287e-02  4.08729e-04 
  7.60376e-02  2.66080e-02  3.99646e-04 
  7.72882e-02  2.51533e-02  3.90876e-04 
  7.85388e-02  2.36437e-02  3.82380e-04 
  7.97895e-02  2.33625e-02  3.74124e-04 
  8.10401e-02  2.36578e-02  3.66076e-04 
  8.22907e-02  2.25628e-02  3.58208e-04 
  8.35414e-02  2.25511e-02  3.50496e-04 
  8.47920e-02  2.09553e-02  3.42917e-04 
  8.60426e-02  2.05568e-02  3.35456e-04 
  8.72932e-02  1.98724e-02  3.28095e-04 
  8.85439e-02  1.92464e-02  3.20825e-04 
  8.97945e-02  1.89058e-02  3.13634e-04 
  9.10451e-02  1.79717e-02  3.06516e-04 
  9.22957e-02  1.70092e-02  2.99467e-04 
  9.35464e-02  1.64337e-02  2.92482e-04 
  9.47970e-02  1.58680e-02  2.85562e-04 
  9.60476e-02  1.57515e-02  2.78706e-04 
  9.72982e-02  1.50478e-02  2.71917e-04 
  9.85489e-02  1.40811e-02  2.65196e-04 
  9.97995e-02  1.34489e-02  2.58548e-04 
  1.01050e-01  1.31423e-02  2.51978e-04 
  1.02301e-01  1.24698e-02  2.45489e-04 
  1.03551e-01  1.22490e-02  2.39089e-04 
  1.04802e-01  1.14040e-02  2.32782e-04 
  1.06053e-01  1.10044e-02  2.26576e-04 
  1.07303e-01  1.01423e-02  2.20475e-04 
  1.08554e-01  9.83102e-03  2.14486e-04 
  1.09805e-01  9.91654e-03  2.08614e-04 
  1.11055e-01  8.65800e-03  2.02866e-04 
  1.12306e-01  8.30919e-03  1.97247e-04 
  1.13556e-01  7.90526e-03  1.91761e-04 
  1.14807e-01  7.31852e-03  1.86412e-04 
  1.16058e-01  7.05740e-03  1.81206e-04 
  1.17308e-01  7.01824e-03  1.76144e-04 
  1.18559e-01  6.29610e-03  1.71230e-04 
  1.19810e-01  6.30438e-03  1.66466e-04 
  1.21060e-01  5.82001e-03  1.61853e-04 
  1.22311e-01  5.41054e-03  1.57393e-04 
  1.23561e-01  5.33066e-03  1.53085e-04 
  1.24812e-01  5.04197e-03  1.48929e-04 
  1.26063e-01  4.50208e-03  1.44924e-04 
  1.27313e-01  4.38905e-03  1.41069e-04 
  1.28564e-01  4.12731e-03  1.37362e-04 
  1.29815e-01  4.08169e-03  1.33798e-04 
  1.31065e-01  3.64390e-03  1.30377e-04 
  1.32316e-01  3.21161e-03  1.27094e-04 
  1.33566e-01  3.26479e-03  1.23944e-04 
  1.34817e-01  3.15013e-03  1.20924e-04 
  1.36068e-01  2.90911e-03  1.18030e-04 
  1.37318e-01  2.83416e-03  1.15255e-04 
  1.38569e-01  2.53846e-03  1.12595e-04 
  1.39820e-01  2.22213e-03  1.10046e-04 
  1.41070e-01  2.21553e-03  1.07601e-04 
  1.42321e-01  2.01786e-03  1.05255e-04 
  1.43571e-01  2.04758e-03  1.03003e-04 
  1.44822e-01  1.97763e-03  1.00841e-04 
  1.46073e-01  1.72512e-03  9.87619e-05 
  1.47323e-01  1.59739e-03  9.67621e-05 
  1.48574e-01  1.94123e-03  9.48365e-05 
  1.49825e-01  1.46008e-03  9.29807e-05 
  1.51075e-01  1.50063e-03  9.11905e-05 
  1.52326e-01  1.44561e-03  8.94620e-05 
  1.53576e-01  1.34200e-03  8.77916e-05 
  1.54827e-01  1.17087e-03  8.61760e-05 
  1.56078e-01  1.24368e-03  8.46122e-05 
  1.57328e-01  1.18032e-03  8.30976e-05 
  1.58579e-01  9.24404e-04  8.16299e-05 
  1.59830e-01  8.83796e-04  8.02073e-05 
  1.61080e-01  9.02555e-04  7.88281e-05 
  1.62331e-01  7.66776e-04  7.74911e-05 
  1.63581e-01  7.29320e-04  7.61954e-05 
  1.64832e-01  6.85176e-04  7.49402e-05 
  1.66083e-01  6.43280e-04  7.37252e-05 
  1.67333e-01  5.94128e-04  7.25504e-05 
  1.68584e-01  4.57142e-04  7.14159e-05 
  1.69835e-01  5.13696e-04  7.03221e-05 
  1.71085e-01  4.37743e-04  6.92694e-05 
  1.72336e-01  4.40693e-04  6.82586e-05 
  1.73586e-01  5.24453e-04  6.72904e-05 
  1.74837e-01  3.35827e-04  6.63656e-05 
  1.76088e-01  2.61988e-04  6.54851e-05 
  1.77338e-01  3.52006e-04  6.46497e-05 
  1.78589e-01  2.93338e-04  6.38602e-05 
  1.79840e-01  2.61568e-04  6.31173e-05 
  1.81090e-01  3.23924e-04  6.24215e-05 
  1.82341e-01  2.18026e-04  6.17731e-05 
  1.83591e-01  7.80197e-05  6.11723e-05 
  1.84842e-01  2.15885e-04  6.06190e-05 
  1.86093e-01  1.19381e-04  6.01127e-05 
  1.87343e-01  1.85995e-04  5.96528e-05 
  1.88594e-01  1.25253e-04  5.92385e-05 
  1.89845e-01  -1.01446e-05 5.88683e-05 
  1.91095e-01  1.43522e-04  5.85408e-05 
  1.92346e-01  9.85232e-05  5.82541e-05 
  1.93596e-01  6.65332e-05  5.80062e-05 
  1.94847e-01  9.41967e-05  5.77948e-05 
  1.96098e-01  7.11821e-05  5.76172e-05 
  1.97348e-01  -1.34144e-05 5.74707e-05 
  1.98599e-01  1.38176e-04  5.73526e-05 
  1.99850e-01  -4.57478e-06 5.72598e-05 
  2.01100e-01  9.49248e-05  5.71894e-05 
  2.02351e-01  1.75915e-04  5.71382e-05 
  2.03602e-01  1.53274e-04  5.71032e-05 
  2.04852e-01  8.97605e-05  5.70815e-05 
  2.06103e-01  9.96728e-05  5.70701e-05 
  2.07353e-01  2.11617e-04  5.70662e-05 
  2.08604e-01  1.69690e-04  5.70673e-05 
  2.09855e-01  1.85454e-04  5.70708e-05 
  2.11105e-01  2.06808e-04  5.70744e-05 
  2.12356e-01  1.28123e-04  5.70761e-05 
  2.13607e-01  2.64749e-04  5.70740e-05 
  2.14857e-01  1.93106e-04  5.70665e-05 
  2.16108e-01  1.44727e-04  5.70520e-05 
  2.17358e-01  2.81807e-04  5.70295e-05 
  2.18609e-01  2.44578e-04  5.69979e-05 
  2.19860e-01  2.81323e-04  5.69565e-05 
  2.21110e-01  1.61188e-04  5.69049e-05 
  2.22361e-01  1.36435e-04  5.68426e-05 
  2.23612e-01  2.23921e-04  5.67696e-05 
  2.24862e-01  2.70270e-04  5.66860e-05 
  2.26113e-01  2.85439e-04  5.65919e-05 
  2.27363e-01  2.46400e-04  5.64878e-05 
  2.28614e-01  2.59590e-04  5.63741e-05 
  2.29865e-01  2.67811e-04  5.62515e-05 
  2.31115e-01  3.17208e-04  5.61207e-05 
  2.32366e-01  2.72583e-04  5.59825e-05 
  2.33617e-01  2.82733e-04  5.58379e-05 
  2.34867e-01  2.81426e-04  5.56876e-05 
  2.36118e-01  2.11892e-04  5.55326e-05 
  2.37368e-01  2.45803e-04  5.53738e-05 
  2.38619e-01  2.26541e-04  5.52121e-05 
  2.39870e-01  2.61728e-04  5.50485e-05 
  2.41120e-01  2.47379e-04  5.48837e-05 
  2.42371e-01  2.82651e-04  5.47185e-05 
  2.43622e-01  2.31337e-04  5.45536e-05 
  2.44872e-01  2.88307e-04  5.43896e-05 
  2.46123e-01  1.67140e-04  5.42271e-05 
  2.47373e-01  1.85861e-04  5.40664e-05 
  2.48624e-01  2.78025e-04  5.39081e-05 
  2.49875e-01  1.74307e-04  5.37522e-05 
  2.51125e-01  2.17348e-04  5.35989e-05 
  2.52376e-01  2.34511e-04  5.34483e-05 
  2.53627e-01  2.28383e-04  5.33004e-05 
  2.54877e-01  2.57480e-04  5.31550e-05 
  2.56128e-01  2.37495e-04  5.30119e-05 
  2.57378e-01  2.36237e-04  5.28709e-05 
  2.58629e-01  2.31933e-04  5.27317e-05 
  2.59880e-01  2.95884e-04  5.25938e-05 
  2.61130e-01  1.62804e-04  5.24568e-05 
  2.62381e-01  3.38878e-04  5.23202e-05 
  2.63632e-01  2.44466e-04  5.21837e-05 
  2.64882e-01  1.56805e-04  5.20467e-05 
  2.66133e-01  2.89999e-04  5.19087e-05 
  2.67383e-01  2.28300e-04  5.17694e-05 
  2.68634e-01  3.20261e-04  5.16281e-05 
  2.69885e-01  1.82870e-04  5.14846e-05 
  2.71135e-01  1.48588e-04  5.13384e-05 
  2.72386e-01  3.09693e-04  5.11893e-05 
  2.73637e-01  2.50809e-04  5.10369e-05 
  2.74887e-01  2.28966e-04  5.08810e-05 
  2.76138e-01  2.48736e-04  5.07214e-05 
  2.77388e-01  1.97180e-04  5.05580e-05 
  2.78639e-01  1.50534e-04  5.03908e-05 
  2.79890e-01  1.55395e-04  5.02198e-05 
  2.81140e-01  1.95624e-04  5.00450e-05 
  2.82391e-01  2.03931e-04  4.98665e-05 
  2.83642e-01  2.12463e-04  4.96846e-05 
  2.84892e-01  1.23573e-04  4.94995e-05 
  2.86143e-01  1.59150e-04  4.93115e-05 
  2.87393e-01  2.68922e-04  4.91208e-05 
  2.88644e-01  1.35997e-04  4.89279e-05 
  2.89895e-01  1.14051e-04  4.87331e-05 
  2.91145e-01  1.78702e-04  4.85369e-05 
  2.92396e-01  1.83581e-04  4.83398e-05 
  2.93647e-01  2.16986e-04  4.81421e-05 
  2.94897e-01  1.77877e-04  4.79444e-05 
  2.96148e-01  2.01566e-04  4.77470e-05 
  2.97398e-01  1.90935e-04  4.75506e-05 
  2.98649e-01  1.33725e-04  4.73556e-05 
  2.99900e-01  4.24089e-05  4.71623e-05 
  3.01150e-01  1.14145e-04  4.69713e-05 
  3.02401e-01  7.10183e-05  4.67829e-05 
  3.03652e-01  1.50658e-04  4.65974e-05 
  3.04902e-01  1.10101e-04  4.64153e-05 
  3.06153e-01  1.19566e-04  4.62368e-05 
  3.07404e-01  9.79063e-05  4.60622e-05 
  3.08654e-01  1.09567e-04  4.58916e-05 
  3.09905e-01  6.34725e-05  4.57253e-05 
  3.11155e-01  2.79688e-05  4.55634e-05 
  3.12406e-01  4.02212e-05  4.54060e-05 
  3.13657e-01  7.92563e-06  4.52531e-05 
  3.14907e-01  1.42511e-04  4.51046e-05 
  3.16158e-01  1.48215e-05  4.49607e-05 
  3.17409e-01  1.29549e-04  4.48211e-05 
  3.18659e-01  1.21167e-04  4.46859e-05 
  3.19910e-01  5.59055e-05  4.45548e-05 
  3.21160e-01  9.24848e-05  4.44277e-05 
  3.22411e-01  6.04210e-05  4.43043e-05 
  3.23662e-01  3.78919e-05  4.41846e-05 
  3.24912e-01  6.00954e-05  4.40682e-05 
  3.26163e-01  -5.06622e-05 4.39549e-05 
  3.27414e-01  7.65140e-06  4.38445e-05 
  3.28664e-01  3.96746e-05  4.37368e-05 
  3.29915e-01  4.92069e-05  4.36315e-05 
  3.31165e-01  1.03490e-04  4.35284e-05 
  3.32416e-01  -4.75871e-05 4.34271e-05 
  3.33667e-01  3.42774e-05  4.33277e-05 
  3.34917e-01  2.26065e-05  4.32297e-05 
  3.36168e-01  2.74289e-05  4.31332e-05 
  3.37419e-01  5.30729e-05  4.30378e-05 
  3.38669e-01  -3.49326e-05 4.29435e-05 
  3.39920e-01  -1.09496e-05 4.28501e-05 
  3.41170e-01  8.91679e-05  4.27575e-05 
  3.42421e-01  3.47525e-05  4.26658e-05 
  3.43672e-01  -4.71952e-06 4.25747e-05 
  3.44922e-01  5.07147e-05  4.24844e-05 
  3.46173e-01  1.97183e-05  4.23947e-05 
  3.47424e-01  1.96472e-05  4.23057e-05 
  3.48674e-01  -2.91032e-05 4.22175e-05 
  3.49925e-01  1.71100e-06  4.21300e-05 
  3.51175e-01  -3.36133e-05 4.20434e-05 
  3.52426e-01  -1.73447e-06 4.19577e-05 
  3.53677e-01  -5.93045e-05 4.18729e-05 
  3.54927e-01  3.44986e-05  4.17893e-05 
  3.56178e-01  3.80897e-05  4.17068e-05 
  3.57429e-01  -2.87590e-05 4.16255e-05 
  3.58679e-01  -3.11551e-05 4.15456e-05 
  3.59930e-01  3.90463e-05  4.14672e-05 
  3.61180e-01  2.23650e-06  4.13902e-05 
  3.62431e-01  -5.18724e-05 4.13148e-05 
  3.63682e-01  5.67782e-05  4.12410e-05 
  3.64932e-01  3.23030e-05  4.11689e-05 
  3.66183e-01  2.32762e-05  4.10984e-05 
  3.67434e-01  -2.22914e-05 4.10297e-05 
  3.68684e-01  5.23200e-05  4.09627e-05 
  3.69935e-01  2.94521e-05  4.08973e-05 
  3.71185e-01  8.98891e-05  4.08336e-05 
  3.72436e-01  -2.39805e-05 4.07715e-05 
  3.73687e-01  7.12676e-05  4.07110e-05 
  3.74937e-01  -3.20443e-05 4.06519e-05 
  3.76188e-01  -7.38363e-06 4.05941e-05 
  3.77439e-01  7.07356e-05  4.05376e-05 
  3.78689e-01  6.21281e-05  4.04821e-05 
  3.79940e-01  -1.34035e-06 4.04277e-05 
  3.81190e-01  6.23534e-05  4.03741e-05 
  3.82441e-01  4.66838e-05  4.03213e-05 
  3.83692e-01  4.78783e-05  4.02689e-05 
  3.84942e-01  2.83743e-05  4.02171e-05 
  3.86193e-01  -2.88288e-05 4.01655e-05 
  3.87444e-01  5.29389e-05  4.01140e-05 
  3.88694e-01  1.54329e-05  4.00625e-05 
  3.89945e-01  3.74984e-06  4.00109e-05 
  3.91195e-01  1.02900e-05  3.99590e-05 
  3.92446e-01  -2.88316e-05 3.99068e-05 
  3.93697e-01  2.96276e-05  3.98541e-05 
  3.94947e-01  -2.42264e-05 3.98008e-05 
  3.96198e-01  4.76639e-05  3.97469e-05 
  3.97449e-01  6.28099e-05  3.96924e-05 
  3.98699e-01  9.28962e-05  3.96371e-05 
  3.99950e-01  1.23003e-05  3.95811e-05 
  4.01201e-01  3.83849e-06  3.95242e-05 
  4.02451e-01  1.36476e-05  3.94666e-05 
  4.03702e-01  6.03282e-05  3.94083e-05 
  4.04952e-01  7.52458e-05  3.93491e-05 
  4.06203e-01  4.36567e-05  3.92893e-05 
  4.07454e-01  -9.84359e-06 3.92288e-05 
  4.08704e-01  6.27732e-05  3.91677e-05 
  4.09955e-01  4.86031e-05  3.91060e-05 
  4.11206e-01  7.17978e-05  3.90439e-05 
  4.12456e-01  7.36613e-05  3.89813e-05 
  4.13707e-01  9.24029e-06  3.89184e-05 
  4.14957e-01  1.36993e-05  3.88553e-05 
  4.16208e-01  2.38848e-05  3.87920e-05 
  4.17459e-01  1.42412e-04  3.87286e-05 
  4.18709e-01  1.02871e-04  3.86651e-05 
  4.19960e-01  8.21147e-05  3.86017e-05 
  4.21211e-01  1.52794e-05  3.85385e-05 
  4.22461e-01  1.03482e-04  3.84754e-05 
  4.23712e-01  4.63806e-05  3.84126e-05 
  4.24962e-01  3.50203e-05  3.83501e-05 
  4.26213e-01  1.38864e-05  3.82879e-05 
  4.27464e-01  3.85512e-05  3.82260e-05 
  4.28714e-01  5.14446e-05  3.81646e-05 
  4.29965e-01  -6.78808e-05 3.81036e-05 
  4.31216e-01  -1.49196e-05 3.80430e-05 
  4.32466e-01  6.16538e-05  3.79828e-05 
  4.33717e-01  -7.70294e-05 3.79230e-05 
  4.34967e-01  -1.20958e-05 3.78637e-05 
  4.36218e-01  7.79116e-05  3.78047e-05 
  4.37469e-01  1.53734e-05  3.77461e-05 
  4.38719e-01  4.79073e-06  3.76879e-05 
  4.39970e-01  -8.78988e-06 3.76299e-05 
  4.41221e-01  4.90495e-05  3.75722e-05 
  4.42471e-01  2.64089e-05  3.75148e-05 
  4.43722e-01  8.32103e-06  3.74575e-05 
  4.44972e-01  2.95546e-05  3.74004e-05 
  4.46223e-01  3.98697e-05  3.73434e-05 
  4.47474e-01  6.35946e-05  3.72864e-05 
  4.48724e-01  -1.74939e-05 3.72295e-05 
  4.49975e-01  -1.39726e-05 3.71727e-05 
  4.51226e-01  -1.44025e-05 3.71157e-05 
  4.52476e-01  3.29291e-05  3.70588e-05 
  4.53727e-01  -2.25884e-05 3.70017e-05 
  4.54977e-01  -4.69639e-05 3.69446e-05 
  4.56228e-01  -6.32958e-05 3.68874e-05 
  4.57479e-01  1.62690e-07  3.68300e-05 
  4.58729e-01  2.38009e-05  3.67726e-05 
  4.59980e-01  -2.53391e-05 3.67151e-05 
  4.61231e-01  4.24815e-05  3.66574e-05 
  4.62481e-01  4.17126e-05  3.65997e-05 
  4.63732e-01  -4.34381e-06 3.65420e-05 
  4.64982e-01  -1.45225e-05 3.64842e-05 
  4.66233e-01  1.49924e-05  3.64265e-05 
  4.67484e-01  1.98941e-06  3.63688e-05 
  4.68734e-01  4.62854e-06  3.63111e-05 
  4.69985e-01  7.40166e-05  3.62536e-05 
  4.71236e-01  -1.41931e-05 3.61963e-05 
  4.72486e-01  4.05889e-05  3.61391e-05 
  4.73737e-01  2.07706e-05  3.60823e-05 
  4.74987e-01  7.08597e-05  3.60257e-05 
  4.76238e-01  5.79238e-05  3.59694e-05 
  4.77489e-01  2.27266e-05  3.59136e-05 
  4.78739e-01  8.56541e-05  3.58582e-05 
  4.79990e-01  -4.85446e-05 3.58033e-05 
  4.81241e-01  -1.35556e-05 3.57489e-05 
  4.82491e-01  4.73277e-05  3.56950e-05 
  4.83742e-01  6.97765e-05  3.56418e-05 
  4.84992e-01  8.69456e-06  3.55892e-05 
  4.86243e-01  1.71660e-05  3.55372e-05 
  4.87494e-01  9.96522e-06  3.54859e-05 
  4.88744e-01  2.82536e-05  3.54353e-05 
  4.89995e-01  7.48240e-06  3.53855e-05 
  4.91246e-01  5.02557e-05  3.53363e-05 
  4.92496e-01  -2.50515e-06 3.52879e-05 
  4.93747e-01  -3.45195e-05 3.52402e-05 
  4.94997e-01  -2.67102e-05 3.51932e-05 
  4.96248e-01  1.54071e-05  3.51469e-05 
  4.97499e-01  3.86453e-05  3.51014e-05 
  4.98749e-01  5.86916e-06  3.50565e-05 
  5.00000e-01  -3.97455e-05 3.50123e-05 
