# Calculated data
# q            I           
  1.00000e-03  9.99270e-01 
  2.25063e-03  9.96308e-01 
  3.50125e-03  9.91083e-01 
  4.75188e-03  9.83621e-01 
  6.00251e-03  9.73960e-01 
  7.25313e-03  9.62148e-01 
  8.50376e-03  9.48245e-01 
  9.75439e-03  9.32321e-01 
  1.10050e-02  9.14454e-01 
  1.22556e-02  8.94735e-01 
  1.35063e-02  8.73262e-01 
  1.47569e-02  8.50140e-01 
  1.60075e-02  8.25484e-01 
  1.72581e-02  7.99414e-01 
  1.85088e-02  7.72059e-01 
  1.97594e-02  7.43550e-01 
  2.10100e-02  7.14025e-01 
  2.22607e-02  6.83626e-01 
  2.35113e-02  6.52496e-01 
  2.47619e-02  6.20782e-01 
  2.60125e-02  5.88632e-01 
  2.72632e-02  5.56195e-01 
  2.85138e-02  5.23617e-01 
  2.97644e-02  4.91047e-01 
  3.10150e-02  4.58627e-01 
  3.22657e-02  4.26501e-01 
  3.35163e-02  3.94806e-01 
  3.47669e-02  3.63675e-01 
  3.60175e-02  3.33237e-01 
  3.72682e-02  3.03614e-01 
  3.85188e-02  2.74923e-01 
  3.97694e-02  2.47272e-01 
  4.10201e-02  2.20763e-01 
  4.22707e-02  1.95489e-01 
  4.35213e-02  1.71534e-01 
  4.47719e-02  1.48974e-01 
  4.60226e-02  1.27876e-01 
  4.72732e-02  1.08296e-01 
  4.85238e-02  9.02822e-02 
  4.97744e-02  7.38715e-02 
  5.10251e-02  5.90916e-02 
  5.22757e-02  4.59601e-02 
  5.35263e-02  3.44850e-02 
  5.47769e-02  2.46645e-02 
  5.60276e-02  1.64872e-02 
  5.72782e-02  9.93260e-03 
  5.85288e-02  4.97124e-03 
  5.97794e-02  1.56502e-03 
  6.10301e-02  -3.32357e-04
  6.22807e-02  -7.74925e-04
  6.35313e-02  1.76025e-04 
  6.47820e-02  2.45247e-03 
  6.60326e-02  5.98022e-03 
  6.72832e-02  1.06795e-02 
  6.85338e-02  1.64657e-02 
  6.97845e-02  2.32496e-02 
  7.10351e-02  3.09388e-02 
  7.22857e-02  3.94374e-02 
  7.35363e-02  4.86475e-02 
  7.47870e-02  5.84696e-02 
  7.60376e-02  6.88030e-02 
  7.72882e-02  7.95469e-02 
  7.85388e-02  9.06010e-02 
  7.97895e-02  1.01866e-01 
  8.10401e-02  1.13243e-01 
  8.22907e-02  1.24637e-01 
  8.35414e-02  1.35956e-01 
  8.47920e-02  1.47110e-01 
  8.60426e-02  1.58012e-01 
  8.72932e-02  1.68583e-01 
  8.85439e-02  1.78745e-01 
  8.97945e-02  1.88426e-01 
  9.10451e-02  1.97561e-01 
  9.22957e-02  2.06090e-01 
  9.35464e-02  2.13958e-01 
  9.47970e-02  2.21116e-01 
  9.60476e-02  2.27525e-01 
  9.72982e-02  2.33147e-01 
  9.85489e-02  2.37955e-01 
  9.97995e-02  2.41926e-01 
  1.01050e-01  2.45045e-01 
  1.02301e-01  2.47303e-01 
  1.03551e-01  2.48697e-01 
  1.04802e-01  2.49230e-01 
  1.06053e-01  2.48911e-01 
  1.07303e-01  2.47756e-01 
  1.08554e-01  2.45786e-01 
  1.09805e-01  2.43025e-01 
  1.11055e-01  2.39504e-01 
  1.12306e-01  2.35259e-01 
  1.13556e-01  2.30329e-01 
  1.14807e-01  2.24755e-01 
  1.16058e-01  2.18586e-01 
  1.17308e-01  2.11868e-01 
  1.18559e-01  2.04654e-01 
  1.19810e-01  1.96998e-01 
  1.21060e-01  1.88954e-01 
  1.22311e-01  1.80578e-01 
  1.23561e-01  1.71927e-01 
  1.24812e-01  1.63058e-01 
  1.26063e-01  1.54027e-01 
  1.27313e-01  1.44892e-01 
  1.28564e-01  1.35707e-01 
  1.29815e-01  1.26527e-01 
  1.31065e-01  1.17403e-01 
  1.32316e-01  1.08386e-01 
  1.33566e-01  9.95232e-02 
  1.34817e-01  9.08610e-02 
  1.36068e-01  8.24414e-02 
  1.37318e-01  7.43041e-02 
  1.38569e-01  6.64851e-02 
  1.39820e-01  5.90174e-02 
  1.41070e-01  5.19302e-02 
  1.42321e-01  4.52492e-02 
  1.43571e-01  3.89962e-02 
  1.44822e-01  3.31896e-02 
  1.46073e-01  2.78437e-02 
  1.47323e-01  2.29692e-02 
  1.48574e-01  1.85732e-02 
  1.49825e-01  1.46591e-02 
  1.51075e-01  1.12267e-02 
  1.52326e-01  8.27246e-03 
  1.53576e-01  5.78968e-03 
  1.54827e-01  3.76847e-03 
  1.56078e-01  2.19605e-03 
  1.57328e-01  1.05693e-03 
  1.58579e-01  3.33144e-04 
  1.59830e-01  4.42653e-06 
  1.61080e-01  4.84904e-05 
  1.62331e-01  4.41249e-04 
  1.63581e-01  1.15707e-03 
  1.64832e-01  2.16903e-03 
  1.66083e-01  3.44915e-03 
  1.67333e-01  4.96868e-03 
  1.68584e-01  6.69832e-03 
  1.69835e-01  8.60848e-03 
  1.71085e-01  1.06695e-02 
  1.72336e-01  1.28520e-02 
  1.73586e-01  1.51268e-02 
  1.74837e-01  1.74654e-02 
  1.76088e-01  1.98403e-02 
  1.77338e-01  2.22248e-02 
  1.78589e-01  2.45933e-02 
  1.79840e-01  2.69217e-02 
  1.81090e-01  2.91873e-02 
  1.82341e-01  3.13689e-02 
  1.83591e-01  3.34471e-02 
  1.84842e-01  3.54040e-02 
  1.86093e-01  3.72240e-02 
  1.87343e-01  3.88930e-02 
  1.88594e-01  4.03989e-02 
  1.89845e-01  4.17316e-02 
  1.91095e-01  4.28831e-02 
  1.92346e-01  4.38470e-02 
  1.93596e-01  4.46190e-02 
  1.94847e-01  4.51966e-02 
  1.96098e-01  4.55792e-02 
  1.97348e-01  4.57678e-02 
  1.98599e-01  4.57651e-02 
  1.99850e-01  4.55753e-02 
  2.01100e-01  4.52041e-02 
  2.02351e-01  4.46585e-02 
  2.03602e-01  4.39469e-02 
  2.04852e-01  4.30785e-02 
  2.06103e-01  4.20637e-02 
  2.07353e-01  4.09137e-02 
  2.08604e-01  3.96404e-02 
  2.09855e-01  3.82562e-02 
  2.11105e-01  3.67741e-02 
  2.12356e-01  3.52073e-02 
  2.13607e-01  3.35693e-02 
  2.14857e-01  3.18736e-02 
  2.16108e-01  3.01337e-02 
  2.17358e-01  2.83628e-02 
  2.18609e-01  2.65740e-02 
  2.19860e-01  2.47800e-02 
  2.21110e-01  2.29929e-02 
  2.22361e-01  2.12244e-02 
  2.23612e-01  1.94854e-02 
  2.24862e-01  1.77864e-02 
  2.26113e-01  1.61367e-02 
  2.27363e-01  1.45453e-02 
  2.28614e-01  1.30200e-02 
  2.29865e-01  1.15678e-02 
  2.31115e-01  1.01948e-02 
  2.32366e-01  8.90620e-03 
  2.33617e-01  7.70633e-03 
  2.34867e-01  6.59852e-03 
  2.36118e-01  5.58522e-03 
  2.37368e-01  4.66800e-03 
  2.38619e-01  3.84756e-03 
  2.39870e-01  3.12378e-03 
  2.41120e-01  2.49573e-03 
  2.42371e-01  1.96175e-03 
  2.43622e-01  1.51948e-03 
  2.44872e-01  1.16592e-03 
  2.46123e-01  8.97458e-04 
  2.47373e-01  7.09977e-04 
  2.48624e-01  5.98880e-04 
  2.49875e-01  5.59167e-04 
  2.51125e-01  5.85494e-04 
  2.52376e-01  6.72241e-04 
  2.53627e-01  8.13572e-04 
  2.54877e-01  1.00350e-03 
  2.56128e-01  1.23594e-03 
  2.57378e-01  1.50479e-03 
  2.58629e-01  1.80396e-03 
  2.59880e-01  2.12743e-03 
  2.61130e-01  2.46934e-03 
  2.62381e-01  2.82397e-03 
  2.63632e-01  3.18584e-03 
  2.64882e-01  3.54972e-03 
  2.66133e-01  3.91068e-03 
  2.67383e-01  4.26411e-03 
  2.68634e-01  4.60575e-03 
  2.69885e-01  4.93171e-03 
  2.71135e-01  5.23847e-03 
  2.72386e-01  5.52295e-03 
  2.73637e-01  5.78244e-03 
  2.74887e-01  6.01466e-03 
  2.76138e-01  6.21774e-03 
  2.77388e-01  6.39021e-03 
  2.78639e-01  6.53100e-03 
  2.79890e-01  6.63945e-03 
  2.81140e-01  6.71523e-03 
  2.82391e-01  6.75842e-03 
  2.83642e-01  6.76939e-03 
  2.84892e-01  6.74884e-03 
  2.86143e-01  6.69777e-03 
  2.87393e-01  6.61744e-03 
  2.88644e-01  6.50933e-03 
  2.89895e-01  6.37516e-03 
  2.91145e-01  6.21681e-03 
  2.92396e-01  6.03631e-03 
  2.93647e-01  5.83582e-03 
  2.94897e-01  5.61760e-03 
  2.96148e-01  5.38398e-03 
  2.97398e-01  5.13731e-03 
  2.98649e-01  4.87998e-03 
  2.99900e-01  4.61435e-03 
  3.01150e-01  4.34275e-03 
  3.02401e-01  4.06747e-03 
  3.03652e-01  3.79069e-03 
  3.04902e-01  3.51454e-03 
  3.06153e-01  3.24100e-03 
  3.07404e-01  2.97195e-03 
  3.08654e-01  2.70912e-03 
  3.09905e-01  2.45411e-03 
  3.11155e-01  2.20835e-03 
  3.12406e-01  1.97311e-03 
  3.13657e-01  1.74951e-03 
  3.14907e-01  1.53849e-03 
  3.16158e-01  1.34082e-03 
  3.17409e-01  1.15713e-03 
  3.18659e-01  9.87846e-04 
  3.19910e-01  8.33278e-04 
  3.21160e-01  6.93564e-04 
  3.22411e-01  5.68702e-04 
  3.23662e-01  4.58557e-04 
  3.24912e-01  3.62865e-04 
  3.26163e-01  2.81248e-04 
  3.27414e-01  2.13225e-04 
  3.28664e-01  1.58218e-04 
  3.29915e-01  1.15570e-04 
  3.31165e-01  8.45525e-05 
  3.32416e-01  6.43803e-05 
  3.33667e-01  5.42206e-05 
  3.34917e-01  5.32062e-05 
  3.36168e-01  6.04466e-05 
  3.37419e-01  7.50382e-05 
  3.38669e-01  9.60751e-05 
  3.39920e-01  1.22659e-04 
  3.41170e-01  1.53906e-04 
  3.42421e-01  1.88959e-04 
  3.43672e-01  2.26991e-04 
  3.44922e-01  2.67213e-04 
  3.46173e-01  3.08882e-04 
  3.47424e-01  3.51301e-04 
  3.48674e-01  3.93828e-04 
  3.49925e-01  4.35875e-04 
  3.51175e-01  4.76915e-04 
  3.52426e-01  5.16477e-04 
  3.53677e-01  5.54152e-04 
  3.54927e-01  5.89591e-04 
  3.56178e-01  6.22503e-04 
  3.57429e-01  6.52656e-04 
  3.58679e-01  6.79872e-04 
  3.59930e-01  7.04028e-04 
  3.61180e-01  7.25050e-04 
  3.62431e-01  7.42909e-04 
  3.63682e-01  7.57622e-04 
  3.64932e-01  7.69241e-04 
  3.66183e-01  7.77857e-04 
  3.67434e-01  7.83588e-04 
  3.68684e-01  7.86580e-04 
  3.69935e-01  7.86998e-04 
  3.71185e-01  7.85029e-04 
  3.72436e-01  7.80869e-04 
  3.73687e-01  7.74726e-04 
  3.74937e-01  7.66812e-04 
  3.76188e-01  7.57341e-04 
  3.77439e-01  7.46529e-04 
  3.78689e-01  7.34583e-04 
  3.79940e-01  7.21706e-04 
  3.81190e-01  7.08092e-04 
  3.82441e-01  6.93923e-04 
  3.83692e-01  6.79368e-04 
  3.84942e-01  6.64584e-04 
  3.86193e-01  6.49711e-04 
  3.87444e-01  6.34874e-04 
  3.88694e-01  6.20182e-04 
  3.89945e-01  6.05729e-04 
  3.91195e-01  5.91594e-04 
  3.92446e-01  5.77839e-04 
  3.93697e-01  5.64512e-04 
  3.94947e-01  5.51648e-04 
  3.96198e-01  5.39271e-04 
  3.97449e-01  5.27391e-04 
  3.98699e-01  5.16011e-04 
  3.99950e-01  5.05122e-04 
  4.01201e-01  4.94711e-04 
  4.02451e-01  4.84757e-04 
  4.03702e-01  4.75235e-04 
  4.04952e-01  4.66119e-04 
  4.06203e-01  4.57377e-04 
  4.07454e-01  4.48979e-04 
  4.08704e-01  4.40896e-04 
  4.09955e-01  4.33098e-04 
  4.11206e-01  4.25559e-04 
  4.12456e-01  4.18254e-04 
  4.13707e-01  4.11164e-04 
  4.14957e-01  4.04271e-04 
  4.16208e-01  3.97561e-04 
  4.17459e-01  3.91027e-04 
  4.18709e-01  3.84662e-04 
  4.19960e-01  3.78465e-04 
  4.21211e-01  3.72439e-04 
  4.22461e-01  3.66589e-04 
  4.23712e-01  3.60923e-04 
  4.24962e-01  3.55449e-04 
  4.26213e-01  3.50180e-04 
  4.27464e-01  3.45127e-04 
  4.28714e-01  3.40301e-04 
  4.29965e-01  3.35714e-04 
  4.31216e-01  3.31376e-04 
  4.32466e-01  3.27292e-04 
  4.33717e-01  3.23468e-04 
  4.34967e-01  3.19905e-04 
  4.36218e-01  3.16599e-04 
  4.37469e-01  3.13544e-04 
  4.38719e-01  3.10728e-04 
  4.39970e-01  3.08133e-04 
  4.41221e-01  3.05738e-04 
  4.42471e-01  3.03516e-04 
  4.43722e-01  3.01435e-04 
  4.44972e-01  2.99458e-04 
  4.46223e-01  2.97545e-04 
  4.47474e-01  2.95652e-04 
  4.48724e-01  2.93729e-04 
  4.49975e-01  2.91727e-04 
  4.51226e-01  2.89593e-04 
  4.52476e-01  2.87274e-04 
  4.53727e-01  2.84716e-04 
  4.54977e-01  2.81867e-04 
  4.56228e-01  2.78676e-04 
  4.57479e-01  2.75095e-04 
  4.58729e-01  2.71081e-04 
  4.59980e-01  2.66594e-04 
  4.61231e-01  2.61600e-04 
  4.62481e-01  2.56075e-04 
  4.63732e-01  2.49999e-04 
  4.64982e-01  2.43362e-04 
  4.66233e-01  2.36162e-04 
  4.67484e-01  2.28410e-04 
  4.68734e-01  2.20122e-04 
  4.69985e-01  2.11329e-04 
  4.71236e-01  2.02070e-04 
  4.72486e-01  1.92396e-04 
  4.73737e-01  1.82368e-04 
  4.74987e-01  1.72058e-04 
  4.76238e-01  1.61546e-04 
  4.77489e-01  1.50925e-04 
  4.78739e-01  1.40292e-04 
  4.79990e-01  1.29756e-04 
  4.81241e-01  1.19429e-04 
  4.82491e-01  1.09431e-04 
  4.83742e-01  9.98849e-05 
  4.84992e-01  9.09179e-05 
  4.86243e-01  8.26577e-05 
  4.87494e-01  7.52324e-05 
  4.88744e-01  6.87685e-05 
  4.89995e-01  6.33894e-05 
  4.91246e-01  5.92137e-05 
  4.92496e-01  5.63539e-05 
  4.93747e-01  5.49143e-05 
  4.94997e-01  5.49903e-05 
  4.96248e-01  5.66661e-05 
  4.97499e-01  6.00137e-05 
  4.98749e-01  6.50920e-05 
  5.00000e-01  7.19450e-05 
