# Theoretical SAS data
# q            I           
  1.00000e-03  9.97114e-01 
  2.25063e-03  9.85487e-01 
  3.50125e-03  9.65318e-01 
  4.75188e-03  9.37261e-01 
  6.00251e-03  9.02207e-01 
  7.25313e-03  8.61238e-01 
  8.50376e-03  8.15571e-01 
  9.75439e-03  7.66497e-01 
  1.10050e-02  7.15323e-01 
  1.22556e-02  6.63309e-01 
  1.35063e-02  6.11616e-01 
  1.47569e-02  5.61264e-01 
  1.60075e-02  5.13099e-01 
  1.72581e-02  4.67772e-01 
  1.85088e-02  4.25734e-01 
  1.97594e-02  3.87236e-01 
  2.10100e-02  3.52355e-01 
  2.22607e-02  3.21005e-01 
  2.35113e-02  2.92982e-01 
  2.47619e-02  2.67985e-01 
  2.60125e-02  2.45662e-01 
  2.72632e-02  2.25634e-01 
  2.85138e-02  2.07531e-01 
  2.97644e-02  1.91009e-01 
  3.10150e-02  1.75774e-01 
  3.22657e-02  1.61584e-01 
  3.35163e-02  1.48259e-01 
  3.47669e-02  1.35678e-01 
  3.60175e-02  1.23769e-01 
  3.72682e-02  1.12500e-01 
  3.85188e-02  1.01872e-01 
  3.97694e-02  9.18992e-02 
  4.10201e-02  8.26035e-02 
  4.22707e-02  7.40033e-02 
  4.35213e-02  6.61067e-02 
  4.47719e-02  5.89075e-02 
  4.60226e-02  5.23841e-02 
  4.72732e-02  4.64999e-02 
  4.85238e-02  4.12070e-02 
  4.97744e-02  3.64496e-02 
  5.10251e-02  3.21689e-02 
  5.22757e-02  2.83072e-02 
  5.35263e-02  2.48124e-02 
  5.47769e-02  2.16398e-02 
  5.60276e-02  1.87544e-02 
  5.72782e-02  1.61305e-02 
  5.85288e-02  1.37513e-02 
  5.97794e-02  1.16065e-02 
  6.10301e-02  9.69076e-03 
  6.22807e-02  8.00036e-03 
  6.35313e-02  6.53139e-03 
  6.47820e-02  5.27763e-03 
  6.60326e-02  4.22932e-03 
  6.72832e-02  3.37257e-03 
  6.85338e-02  2.68953e-03 
  6.97845e-02  2.15923e-03 
  7.10351e-02  1.75873e-03 
  7.22857e-02  1.46465e-03 
  7.35363e-02  1.25464e-03 
  7.47870e-02  1.10868e-03 
  7.60376e-02  1.01014e-03 
  7.72882e-02  9.46238e-04 
  7.85388e-02  9.08181e-04 
  7.97895e-02  8.90803e-04 
  8.10401e-02  8.91854e-04 
  8.22907e-02  9.11066e-04 
  8.35414e-02  9.49126e-04 
  8.47920e-02  1.00670e-03 
  8.60426e-02  1.08362e-03 
  8.72932e-02  1.17835e-03 
  8.85439e-02  1.28773e-03 
  8.97945e-02  1.40707e-03 
  9.10451e-02  1.53046e-03 
  9.22957e-02  1.65133e-03 
  9.35464e-02  1.76311e-03 
  9.47970e-02  1.85986e-03 
  9.60476e-02  1.93685e-03 
  9.72982e-02  1.99098e-03 
  9.85489e-02  2.02101e-03 
  9.97995e-02  2.02748e-03 
  1.01050e-01  2.01258e-03 
  1.02301e-01  1.97968e-03 
  1.03551e-01  1.93284e-03 
  1.04802e-01  1.87632e-03 
  1.06053e-01  1.81403e-03 
  1.07303e-01  1.74912e-03 
  1.08554e-01  1.68373e-03 
  1.09805e-01  1.61888e-03 
  1.11055e-01  1.55452e-03 
  1.12306e-01  1.48972e-03 
  1.13556e-01  1.42302e-03 
  1.14807e-01  1.35276e-03 
  1.16058e-01  1.27745e-03 
  1.17308e-01  1.19610e-03 
  1.18559e-01  1.10845e-03 
  1.19810e-01  1.01506e-03 
  1.21060e-01  9.17358e-04 
  1.22311e-01  8.17446e-04 
  1.23561e-01  7.17933e-04 
  1.24812e-01  6.21631e-04 
  1.26063e-01  5.31267e-04 
  1.27313e-01  4.49196e-04 
  1.28564e-01  3.77179e-04 
  1.29815e-01  3.16239e-04 
  1.31065e-01  2.66607e-04 
  1.32316e-01  2.27766e-04 
  1.33566e-01  1.98575e-04 
  1.34817e-01  1.77463e-04 
  1.36068e-01  1.62642e-04 
  1.37318e-01  1.52337e-04 
  1.38569e-01  1.44983e-04 
  1.39820e-01  1.39374e-04 
  1.41070e-01  1.34753e-04 
  1.42321e-01  1.30824e-04 
  1.43571e-01  1.27702e-04 
  1.44822e-01  1.25818e-04 
  1.46073e-01  1.25774e-04 
  1.47323e-01  1.28194e-04 
  1.48574e-01  1.33585e-04 
  1.49825e-01  1.42222e-04 
  1.51075e-01  1.54076e-04 
  1.52326e-01  1.68792e-04 
  1.53576e-01  1.85713e-04 
  1.54827e-01  2.03952e-04 
  1.56078e-01  2.22488e-04 
  1.57328e-01  2.40280e-04 
  1.58579e-01  2.56379e-04 
  1.59830e-01  2.70022e-04 
  1.61080e-01  2.80697e-04 
  1.62331e-01  2.88175e-04 
  1.63581e-01  2.92503e-04 
  1.64832e-01  2.93960e-04 
  1.66083e-01  2.92992e-04 
  1.67333e-01  2.90131e-04 
  1.68584e-01  2.85908e-04 
  1.69835e-01  2.80780e-04 
  1.71085e-01  2.75078e-04 
  1.72336e-01  2.68968e-04 
  1.73586e-01  2.62459e-04 
  1.74837e-01  2.55423e-04 
  1.76088e-01  2.47637e-04 
  1.77338e-01  2.38847e-04 
  1.78589e-01  2.28828e-04 
  1.79840e-01  2.17432e-04 
  1.81090e-01  2.04640e-04 
  1.82341e-01  1.90575e-04 
  1.83591e-01  1.75503e-04 
  1.84842e-01  1.59812e-04 
  1.86093e-01  1.43972e-04 
  1.87343e-01  1.28484e-04 
  1.88594e-01  1.13827e-04 
  1.89845e-01  1.00404e-04 
  1.91095e-01  8.85085e-05 
  1.92346e-01  7.82974e-05 
  1.93596e-01  6.97876e-05 
  1.94847e-01  6.28700e-05 
  1.96098e-01  5.73384e-05 
  1.97348e-01  5.29295e-05 
  1.98599e-01  4.93675e-05 
  1.99850e-01  4.64064e-05 
  2.01100e-01  4.38646e-05 
  2.02351e-01  4.16472e-05 
  2.03602e-01  3.97523e-05 
  2.04852e-01  3.82629e-05 
  2.06103e-01  3.73244e-05 
  2.07353e-01  3.71130e-05 
  2.08604e-01  3.77984e-05 
  2.09855e-01  3.95084e-05 
  2.11105e-01  4.22989e-05 
  2.12356e-01  4.61341e-05 
  2.13607e-01  5.08806e-05 
  2.14857e-01  5.63143e-05 
  2.16108e-01  6.21408e-05 
  2.17358e-01  6.80251e-05 
  2.18609e-01  7.36268e-05 
  2.19860e-01  7.86363e-05 
  2.21110e-01  8.28066e-05 
  2.22361e-01  8.59772e-05 
  2.23612e-01  8.80864e-05 
  2.24862e-01  8.91713e-05 
  2.26113e-01  8.93564e-05 
  2.27363e-01  8.88308e-05 
  2.28614e-01  8.78197e-05 
  2.29865e-01  8.65526e-05 
  2.31115e-01  8.52334e-05 
  2.32366e-01  8.40153e-05 
  2.33617e-01  8.29849e-05 
  2.34867e-01  8.21554e-05 
  2.36118e-01  8.14717e-05 
  2.37368e-01  8.08233e-05 
  2.38619e-01  8.00660e-05 
  2.39870e-01  7.90459e-05 
  2.41120e-01  7.76249e-05 
  2.42371e-01  7.57027e-05 
  2.43622e-01  7.32328e-05 
  2.44872e-01  7.02310e-05 
  2.46123e-01  6.67747e-05 
  2.47373e-01  6.29943e-05 
  2.48624e-01  5.90577e-05 
  2.49875e-01  5.51507e-05 
  2.51125e-01  5.14550e-05 
  2.52376e-01  4.81289e-05 
  2.53627e-01  4.52906e-05 
  2.54877e-01  4.30085e-05 
  2.56128e-01  4.12976e-05 
  2.57378e-01  4.01232e-05 
  2.58629e-01  3.94109e-05 
  2.59880e-01  3.90605e-05 
  2.61130e-01  3.89629e-05 
  2.62381e-01  3.90155e-05 
  2.63632e-01  3.91366e-05 
  2.64882e-01  3.92750e-05 
  2.66133e-01  3.94136e-05 
  2.67383e-01  3.95691e-05 
  2.68634e-01  3.97846e-05 
  2.69885e-01  4.01198e-05 
  2.71135e-01  4.06386e-05 
  2.72386e-01  4.13957e-05 
  2.73637e-01  4.24259e-05 
  2.74887e-01  4.37359e-05 
  2.76138e-01  4.53006e-05 
  2.77388e-01  4.70638e-05 
  2.78639e-01  4.89442e-05 
  2.79890e-01  5.08437e-05 
  2.81140e-01  5.26591e-05 
  2.82391e-01  5.42937e-05 
  2.83642e-01  5.56679e-05 
  2.84892e-01  5.67279e-05 
  2.86143e-01  5.74497e-05 
  2.87393e-01  5.78405e-05 
  2.88644e-01  5.79344e-05 
  2.89895e-01  5.77862e-05 
  2.91145e-01  5.74615e-05 
  2.92396e-01  5.70263e-05 
  2.93647e-01  5.65374e-05 
  2.94897e-01  5.60337e-05 
  2.96148e-01  5.55311e-05 
  2.97398e-01  5.50200e-05 
  2.98649e-01  5.44677e-05 
  2.99900e-01  5.38227e-05 
  3.01150e-01  5.30226e-05 
  3.02401e-01  5.20035e-05 
  3.03652e-01  5.07085e-05 
  3.04902e-01  4.90970e-05 
  3.06153e-01  4.71505e-05 
  3.07404e-01  4.48768e-05 
  3.08654e-01  4.23101e-05 
  3.09905e-01  3.95087e-05 
  3.11155e-01  3.65501e-05 
  3.12406e-01  3.35236e-05 
  3.13657e-01  3.05229e-05 
  3.14907e-01  2.76378e-05 
  3.16158e-01  2.49476e-05 
  3.17409e-01  2.25157e-05 
  3.18659e-01  2.03867e-05 
  3.19910e-01  1.85855e-05 
  3.21160e-01  1.71187e-05 
  3.22411e-01  1.59776e-05 
  3.23662e-01  1.51420e-05 
  3.24912e-01  1.45855e-05 
  3.26163e-01  1.42786e-05 
  3.27414e-01  1.41929e-05 
  3.28664e-01  1.43028e-05 
  3.29915e-01  1.45868e-05 
  3.31165e-01  1.50268e-05 
  3.32416e-01  1.56071e-05 
  3.33667e-01  1.63126e-05 
  3.34917e-01  1.71271e-05 
  3.36168e-01  1.80316e-05 
  3.37419e-01  1.90044e-05 
  3.38669e-01  2.00206e-05 
  3.39920e-01  2.10542e-05 
  3.41170e-01  2.20793e-05 
  3.42421e-01  2.30733e-05 
  3.43672e-01  2.40188e-05 
  3.44922e-01  2.49057e-05 
  3.46173e-01  2.57326e-05 
  3.47424e-01  2.65065e-05 
  3.48674e-01  2.72417e-05 
  3.49925e-01  2.79576e-05 
  3.51175e-01  2.86750e-05 
  3.52426e-01  2.94128e-05 
  3.53677e-01  3.01842e-05 
  3.54927e-01  3.09934e-05 
  3.56178e-01  3.18334e-05 
  3.57429e-01  3.26852e-05 
  3.58679e-01  3.35189e-05 
  3.59930e-01  3.42952e-05 
  3.61180e-01  3.49696e-05 
  3.62431e-01  3.54962e-05 
  3.63682e-01  3.58328e-05 
  3.64932e-01  3.59449e-05 
  3.66183e-01  3.58100e-05 
  3.67434e-01  3.54194e-05 
  3.68684e-01  3.47796e-05 
  3.69935e-01  3.39112e-05 
  3.71185e-01  3.28471e-05 
  3.72436e-01  3.16288e-05 
  3.73687e-01  3.03024e-05 
  3.74937e-01  2.89139e-05 
  3.76188e-01  2.75058e-05 
  3.77439e-01  2.61132e-05 
  3.78689e-01  2.47624e-05 
  3.79940e-01  2.34698e-05 
  3.81190e-01  2.22432e-05 
  3.82441e-01  2.10834e-05 
  3.83692e-01  1.99870e-05 
  3.84942e-01  1.89501e-05 
  3.86193e-01  1.79709e-05 
  3.87444e-01  1.70524e-05 
  3.88694e-01  1.62038e-05 
  3.89945e-01  1.54409e-05 
  3.91195e-01  1.47846e-05 
  3.92446e-01  1.42592e-05 
  3.93697e-01  1.38890e-05 
  3.94947e-01  1.36946e-05 
  3.96198e-01  1.36901e-05 
  3.97449e-01  1.38794e-05 
  3.98699e-01  1.42548e-05 
  3.99950e-01  1.47966e-05 
  4.01201e-01  1.54736e-05 
  4.02451e-01  1.62454e-05 
  4.03702e-01  1.70663e-05 
  4.04952e-01  1.78889e-05 
  4.06203e-01  1.86691e-05 
  4.07454e-01  1.93697e-05 
  4.08704e-01  1.99643e-05 
  4.09955e-01  2.04392e-05 
  4.11206e-01  2.07940e-05 
  4.12456e-01  2.10408e-05 
  4.13707e-01  2.12021e-05 
  4.14957e-01  2.13070e-05 
  4.16208e-01  2.13872e-05 
  4.17459e-01  2.14729e-05 
  4.18709e-01  2.15882e-05 
  4.19960e-01  2.17486e-05 
  4.21211e-01  2.19585e-05 
  4.22461e-01  2.22111e-05 
  4.23712e-01  2.24892e-05 
  4.24962e-01  2.27677e-05 
  4.26213e-01  2.30167e-05 
  4.27464e-01  2.32059e-05 
  4.28714e-01  2.33080e-05 
  4.29965e-01  2.33029e-05 
  4.31216e-01  2.31802e-05 
  4.32466e-01  2.29408e-05 
  4.33717e-01  2.25972e-05 
  4.34967e-01  2.21721e-05 
  4.36218e-01  2.16962e-05 
  4.37469e-01  2.12049e-05 
  4.38719e-01  2.07346e-05 
  4.39970e-01  2.03185e-05 
  4.41221e-01  1.99839e-05 
  4.42471e-01  1.97492e-05 
  4.43722e-01  1.96225e-05 
  4.44972e-01  1.96014e-05 
  4.46223e-01  1.96741e-05 
  4.47474e-01  1.98211e-05 
  4.48724e-01  2.00179e-05 
  4.49975e-01  2.02384e-05 
  4.51226e-01  2.04575e-05 
  4.52476e-01  2.06539e-05 
  4.53727e-01  2.08120e-05 
  4.54977e-01  2.09232e-05 
  4.56228e-01  2.09856e-05 
  4.57479e-01  2.10036e-05 
  4.58729e-01  2.09864e-05 
  4.59980e-01  2.09461e-05 
  4.61231e-01  2.08957e-05 
  4.62481e-01  2.08473e-05 
  4.63732e-01  2.08107e-05 
  4.64982e-01  2.07926e-05 
  4.66233e-01  2.07964e-05 
  4.67484e-01  2.08229e-05 
  4.68734e-01  2.08712e-05 
  4.69985e-01  2.09396e-05 
  4.71236e-01  2.10277e-05 
  4.72486e-01  2.11367e-05 
  4.73737e-01  2.12705e-05 
  4.74987e-01  2.14352e-05 
  4.76238e-01  2.16391e-05 
  4.77489e-01  2.18908e-05 
  4.78739e-01  2.21979e-05 
  4.79990e-01  2.25650e-05 
  4.81241e-01  2.29918e-05 
  4.82491e-01  2.34718e-05 
  4.83742e-01  2.39915e-05 
  4.84992e-01  2.45303e-05 
  4.86243e-01  2.50619e-05 
  4.87494e-01  2.55555e-05 
  4.88744e-01  2.59791e-05 
  4.89995e-01  2.63019e-05 
  4.91246e-01  2.64978e-05 
  4.92496e-01  2.65481e-05 
  4.93747e-01  2.64440e-05 
  4.94997e-01  2.61877e-05 
  4.96248e-01  2.57927e-05 
  4.97499e-01  2.52829e-05 
  4.98749e-01  2.46905e-05 
  5.00000e-01  2.40530e-05 
