# Calculated data
# q            I           
  1.00000e-03  9.99595e-01 
  2.25063e-03  9.97952e-01 
  3.50125e-03  9.95050e-01 
  4.75188e-03  9.90898e-01 
  6.00251e-03  9.85510e-01 
  7.25313e-03  9.78904e-01 
  8.50376e-03  9.71100e-01 
  9.75439e-03  9.62125e-01 
  1.10050e-02  9.52006e-01 
  1.22556e-02  9.40777e-01 
  1.35063e-02  9.28473e-01 
  1.47569e-02  9.15133e-01 
  1.60075e-02  9.00799e-01 
  1.72581e-02  8.85516e-01 
  1.85088e-02  8.69333e-01 
  1.97594e-02  8.52298e-01 
  2.10100e-02  8.34464e-01 
  2.22607e-02  8.15886e-01 
  2.35113e-02  7.96619e-01 
  2.47619e-02  7.76721e-01 
  2.60125e-02  7.56251e-01 
  2.72632e-02  7.35267e-01 
  2.85138e-02  7.13832e-01 
  2.97644e-02  6.92005e-01 
  3.10150e-02  6.69848e-01 
  3.22657e-02  6.47421e-01 
  3.35163e-02  6.24787e-01 
  3.47669e-02  6.02004e-01 
  3.60175e-02  5.79132e-01 
  3.72682e-02  5.56230e-01 
  3.85188e-02  5.33355e-01 
  3.97694e-02  5.10562e-01 
  4.10201e-02  4.87907e-01 
  4.22707e-02  4.65440e-01 
  4.35213e-02  4.43213e-01 
  4.47719e-02  4.21273e-01 
  4.60226e-02  3.99667e-01 
  4.72732e-02  3.78437e-01 
  4.85238e-02  3.57625e-01 
  4.97744e-02  3.37267e-01 
  5.10251e-02  3.17400e-01 
  5.22757e-02  2.98056e-01 
  5.35263e-02  2.79264e-01 
  5.47769e-02  2.61050e-01 
  5.60276e-02  2.43438e-01 
  5.72782e-02  2.26448e-01 
  5.85288e-02  2.10098e-01 
  5.97794e-02  1.94403e-01 
  6.10301e-02  1.79372e-01 
  6.22807e-02  1.65016e-01 
  6.35313e-02  1.51339e-01 
  6.47820e-02  1.38345e-01 
  6.60326e-02  1.26033e-01 
  6.72832e-02  1.14402e-01 
  6.85338e-02  1.03445e-01 
  6.97845e-02  9.31575e-02 
  7.10351e-02  8.35279e-02 
  7.22857e-02  7.45451e-02 
  7.35363e-02  6.61955e-02 
  7.47870e-02  5.84635e-02 
  7.60376e-02  5.13320e-02 
  7.72882e-02  4.47823e-02 
  7.85388e-02  3.87943e-02 
  7.97895e-02  3.33466e-02 
  8.10401e-02  2.84170e-02 
  8.22907e-02  2.39821e-02 
  8.35414e-02  2.00179e-02 
  8.47920e-02  1.64999e-02 
  8.60426e-02  1.34030e-02 
  8.72932e-02  1.07018e-02 
  8.85439e-02  8.37098e-03 
  8.97945e-02  6.38496e-03 
  9.10451e-02  4.71842e-03 
  9.22957e-02  3.34626e-03 
  9.35464e-02  2.24375e-03 
  9.47970e-02  1.38667e-03 
  9.60476e-02  7.51348e-04 
  9.72982e-02  3.14829e-04 
  9.85489e-02  5.49151e-05 
  9.97995e-02  -4.97395e-05
  1.01050e-01  -1.95610e-05
  1.02301e-01  1.26004e-04 
  1.03551e-01  3.68540e-04 
  1.04802e-01  6.90707e-04 
  1.06053e-01  1.07627e-03 
  1.07303e-01  1.51012e-03 
  1.08554e-01  1.97832e-03 
  1.09805e-01  2.46807e-03 
  1.11055e-01  2.96772e-03 
  1.12306e-01  3.46679e-03 
  1.13556e-01  3.95593e-03 
  1.14807e-01  4.42690e-03 
  1.16058e-01  4.87255e-03 
  1.17308e-01  5.28679e-03 
  1.18559e-01  5.66452e-03 
  1.19810e-01  6.00165e-03 
  1.21060e-01  6.29499e-03 
  1.22311e-01  6.54222e-03 
  1.23561e-01  6.74185e-03 
  1.24812e-01  6.89315e-03 
  1.26063e-01  6.99609e-03 
  1.27313e-01  7.05128e-03 
  1.28564e-01  7.05991e-03 
  1.29815e-01  7.02371e-03 
  1.31065e-01  6.94482e-03 
  1.32316e-01  6.82583e-03 
  1.33566e-01  6.66963e-03 
  1.34817e-01  6.47939e-03 
  1.36068e-01  6.25850e-03 
  1.37318e-01  6.01054e-03 
  1.38569e-01  5.73915e-03 
  1.39820e-01  5.44808e-03 
  1.41070e-01  5.14106e-03 
  1.42321e-01  4.82180e-03 
  1.43571e-01  4.49396e-03 
  1.44822e-01  4.16106e-03 
  1.46073e-01  3.82649e-03 
  1.47323e-01  3.49349e-03 
  1.48574e-01  3.16508e-03 
  1.49825e-01  2.84406e-03 
  1.51075e-01  2.53302e-03 
  1.52326e-01  2.23427e-03 
  1.53576e-01  1.94988e-03 
  1.54827e-01  1.68164e-03 
  1.56078e-01  1.43106e-03 
  1.57328e-01  1.19940e-03 
  1.58579e-01  9.87613e-04 
  1.59830e-01  7.96414e-04 
  1.61080e-01  6.26243e-04 
  1.62331e-01  4.77293e-04 
  1.63581e-01  3.49518e-04 
  1.64832e-01  2.42648e-04 
  1.66083e-01  1.56202e-04 
  1.67333e-01  8.95087e-05 
  1.68584e-01  4.17212e-05 
  1.69835e-01  1.18373e-05 
  1.71085e-01  -1.28085e-06
  1.72336e-01  1.11264e-06 
  1.73586e-01  1.76680e-05 
  1.74837e-01  4.69598e-05 
  1.76088e-01  8.75067e-05 
  1.77338e-01  1.37791e-04 
  1.78589e-01  1.96278e-04 
  1.79840e-01  2.61432e-04 
  1.81090e-01  3.31736e-04 
  1.82341e-01  4.05706e-04 
  1.83591e-01  4.81908e-04 
  1.84842e-01  5.58966e-04 
  1.86093e-01  6.35582e-04 
  1.87343e-01  7.10540e-04 
  1.88594e-01  7.82720e-04 
  1.89845e-01  8.51102e-04 
  1.91095e-01  9.14775e-04 
  1.92346e-01  9.72940e-04 
  1.93596e-01  1.02491e-03 
  1.94847e-01  1.07013e-03 
  1.96098e-01  1.10815e-03 
  1.97348e-01  1.13863e-03 
  1.98599e-01  1.16137e-03 
  1.99850e-01  1.17625e-03 
  2.01100e-01  1.18329e-03 
  2.02351e-01  1.18258e-03 
  2.03602e-01  1.17433e-03 
  2.04852e-01  1.15883e-03 
  2.06103e-01  1.13644e-03 
  2.07353e-01  1.10761e-03 
  2.08604e-01  1.07284e-03 
  2.09855e-01  1.03269e-03 
  2.11105e-01  9.87753e-04 
  2.12356e-01  9.38679e-04 
  2.13607e-01  8.86129e-04 
  2.14857e-01  8.30783e-04 
  2.16108e-01  7.73332e-04 
  2.17358e-01  7.14464e-04 
  2.18609e-01  6.54858e-04 
  2.19860e-01  5.95177e-04 
  2.21110e-01  5.36060e-04 
  2.22361e-01  4.78115e-04 
  2.23612e-01  4.21912e-04 
  2.24862e-01  3.67981e-04 
  2.26113e-01  3.16803e-04 
  2.27363e-01  2.68810e-04 
  2.28614e-01  2.24380e-04 
  2.29865e-01  1.83835e-04 
  2.31115e-01  1.47437e-04 
  2.32366e-01  1.15393e-04 
  2.33617e-01  8.78479e-05 
  2.34867e-01  6.48914e-05 
  2.36118e-01  4.65542e-05 
  2.37368e-01  3.28125e-05 
  2.38619e-01  2.35896e-05 
  2.39870e-01  1.87592e-05 
  2.41120e-01  1.81482e-05 
  2.42371e-01  2.15412e-05 
  2.43622e-01  2.86841e-05 
  2.44872e-01  3.92890e-05 
  2.46123e-01  5.30385e-05 
  2.47373e-01  6.95906e-05 
  2.48624e-01  8.85840e-05 
  2.49875e-01  1.09643e-04 
  2.51125e-01  1.32381e-04 
  2.52376e-01  1.56409e-04 
  2.53627e-01  1.81336e-04 
  2.54877e-01  2.06776e-04 
  2.56128e-01  2.32354e-04 
  2.57378e-01  2.57705e-04 
  2.58629e-01  2.82484e-04 
  2.59880e-01  3.06364e-04 
  2.61130e-01  3.29043e-04 
  2.62381e-01  3.50245e-04 
  2.63632e-01  3.69721e-04 
  2.64882e-01  3.87254e-04 
  2.66133e-01  4.02659e-04 
  2.67383e-01  4.15783e-04 
  2.68634e-01  4.26506e-04 
  2.69885e-01  4.34743e-04 
  2.71135e-01  4.40443e-04 
  2.72386e-01  4.43585e-04 
  2.73637e-01  4.44182e-04 
  2.74887e-01  4.42278e-04 
  2.76138e-01  4.37945e-04 
  2.77388e-01  4.31282e-04 
  2.78639e-01  4.22413e-04 
  2.79890e-01  4.11486e-04 
  2.81140e-01  3.98666e-04 
  2.82391e-01  3.84138e-04 
  2.83642e-01  3.68100e-04 
  2.84892e-01  3.50762e-04 
  2.86143e-01  3.32343e-04 
  2.87393e-01  3.13066e-04 
  2.88644e-01  2.93159e-04 
  2.89895e-01  2.72848e-04 
  2.91145e-01  2.52359e-04 
  2.92396e-01  2.31908e-04 
  2.93647e-01  2.11707e-04 
  2.94897e-01  1.91957e-04 
  2.96148e-01  1.72846e-04 
  2.97398e-01  1.54547e-04 
  2.98649e-01  1.37220e-04 
  2.99900e-01  1.21006e-04 
  3.01150e-01  1.06028e-04 
  3.02401e-01  9.23884e-05 
  3.03652e-01  8.01726e-05 
  3.04902e-01  6.94439e-05 
  3.06153e-01  6.02457e-05 
  3.07404e-01  5.26015e-05 
  3.08654e-01  4.65148e-05 
  3.09905e-01  4.19699e-05 
  3.11155e-01  3.89328e-05 
  3.12406e-01  3.73522e-05 
  3.13657e-01  3.71606e-05 
  3.14907e-01  3.82757e-05 
  3.16158e-01  4.06019e-05 
  3.17409e-01  4.40317e-05 
  3.18659e-01  4.84478e-05 
  3.19910e-01  5.37245e-05 
  3.21160e-01  5.97298e-05 
  3.22411e-01  6.63268e-05 
  3.23662e-01  7.33761e-05 
  3.24912e-01  8.07371e-05 
  3.26163e-01  8.82702e-05 
  3.27414e-01  9.58382e-05 
  3.28664e-01  1.03308e-04 
  3.29915e-01  1.10552e-04 
  3.31165e-01  1.17451e-04 
  3.32416e-01  1.23891e-04 
  3.33667e-01  1.29772e-04 
  3.34917e-01  1.35000e-04 
  3.36168e-01  1.39495e-04 
  3.37419e-01  1.43189e-04 
  3.38669e-01  1.46027e-04 
  3.39920e-01  1.47963e-04 
  3.41170e-01  1.48970e-04 
  3.42421e-01  1.49029e-04 
  3.43672e-01  1.48138e-04 
  3.44922e-01  1.46304e-04 
  3.46173e-01  1.43548e-04 
  3.47424e-01  1.39903e-04 
  3.48674e-01  1.35413e-04 
  3.49925e-01  1.30130e-04 
  3.51175e-01  1.24118e-04 
  3.52426e-01  1.17448e-04 
  3.53677e-01  1.10196e-04 
  3.54927e-01  1.02447e-04 
  3.56178e-01  9.42894e-05 
  3.57429e-01  8.58151e-05 
  3.58679e-01  7.71185e-05 
  3.59930e-01  6.82948e-05 
  3.61180e-01  5.94394e-05 
  3.62431e-01  5.06462e-05 
  3.63682e-01  4.20069e-05 
  3.64932e-01  3.36094e-05 
  3.66183e-01  2.55373e-05 
  3.67434e-01  1.78690e-05 
  3.68684e-01  1.06764e-05 
  3.69935e-01  4.02452e-06 
  3.71185e-01  -2.02916e-06
  3.72436e-01  -7.43527e-06
  3.73687e-01  -1.21530e-05
  3.74937e-01  -1.61502e-05
  3.76188e-01  -1.94040e-05
  3.77439e-01  -2.19003e-05
  3.78689e-01  -2.36343e-05
  3.79940e-01  -2.46097e-05
  3.81190e-01  -2.48392e-05
  3.82441e-01  -2.43437e-05
  3.83692e-01  -2.31517e-05
  3.84942e-01  -2.12993e-05
  3.86193e-01  -1.88290e-05
  3.87444e-01  -1.57897e-05
  3.88694e-01  -1.22354e-05
  3.89945e-01  -8.22460e-06
  3.91195e-01  -3.81966e-06
  3.92446e-01  9.14170e-07 
  3.93697e-01  5.90960e-06 
  3.94947e-01  1.10981e-05 
  3.96198e-01  1.64107e-05 
  3.97449e-01  2.17791e-05 
  3.98699e-01  2.71360e-05 
  3.99950e-01  3.24161e-05 
  4.01201e-01  3.75571e-05 
  4.02451e-01  4.25000e-05 
  4.03702e-01  4.71896e-05 
  4.04952e-01  5.15756e-05 
  4.06203e-01  5.56124e-05 
  4.07454e-01  5.92603e-05 
  4.08704e-01  6.24850e-05 
  4.09955e-01  6.52584e-05 
  4.11206e-01  6.75586e-05 
  4.12456e-01  6.93701e-05 
  4.13707e-01  7.06835e-05 
  4.14957e-01  7.14959e-05 
  4.16208e-01  7.18104e-05 
  4.17459e-01  7.16361e-05 
  4.18709e-01  7.09876e-05 
  4.19960e-01  6.98849e-05 
  4.21211e-01  6.83530e-05 
  4.22461e-01  6.64212e-05 
  4.23712e-01  6.41229e-05 
  4.24962e-01  6.14950e-05 
  4.26213e-01  5.85771e-05 
  4.27464e-01  5.54116e-05 
  4.28714e-01  5.20421e-05 
  4.29965e-01  4.85137e-05 
  4.31216e-01  4.48720e-05 
  4.32466e-01  4.11626e-05 
  4.33717e-01  3.74305e-05 
  4.34967e-01  3.37197e-05 
  4.36218e-01  3.00722e-05 
  4.37469e-01  2.65283e-05 
  4.38719e-01  2.31254e-05 
  4.39970e-01  1.98981e-05 
  4.41221e-01  1.68775e-05 
  4.42471e-01  1.40914e-05 
  4.43722e-01  1.15632e-05 
  4.44972e-01  9.31262e-06 
  4.46223e-01  7.35498e-06 
  4.47474e-01  5.70133e-06 
  4.48724e-01  4.35836e-06 
  4.49975e-01  3.32845e-06 
  4.51226e-01  2.60977e-06 
  4.52476e-01  2.19638e-06 
  4.53727e-01  2.07844e-06 
  4.54977e-01  2.24242e-06 
  4.56228e-01  2.67140e-06 
  4.57479e-01  3.34532e-06 
  4.58729e-01  4.24138e-06 
  4.59980e-01  5.33437e-06 
  4.61231e-01  6.59707e-06 
  4.62481e-01  8.00067e-06 
  4.63732e-01  9.51515e-06 
  4.64982e-01  1.11097e-05 
  4.66233e-01  1.27533e-05 
  4.67484e-01  1.44149e-05 
  4.68734e-01  1.60638e-05 
  4.69985e-01  1.76705e-05 
  4.71236e-01  1.92065e-05 
  4.72486e-01  2.06450e-05 
  4.73737e-01  2.19610e-05 
  4.74987e-01  2.31321e-05 
  4.76238e-01  2.41378e-05 
  4.77489e-01  2.49607e-05 
  4.78739e-01  2.55861e-05 
  4.79990e-01  2.60025e-05 
  4.81241e-01  2.62012e-05 
  4.82491e-01  2.61768e-05 
  4.83742e-01  2.59272e-05 
  4.84992e-01  2.54532e-05 
  4.86243e-01  2.47590e-05 
  4.87494e-01  2.38514e-05 
  4.88744e-01  2.27404e-05 
  4.89995e-01  2.14383e-05 
  4.91246e-01  1.99601e-05 
  4.92496e-01  1.83230e-05 
  4.93747e-01  1.65460e-05 
  4.94997e-01  1.46499e-05 
  4.96248e-01  1.26568e-05 
  4.97499e-01  1.05899e-05 
  4.98749e-01  8.47330e-06 
  5.00000e-01  6.33131e-06 
