# Theoretical SAS data
# q            I           
  1.00000e-03  9.99679e-01 
  2.25063e-03  9.98376e-01 
  3.50125e-03  9.96073e-01 
  4.75188e-03  9.92777e-01 
  6.00251e-03  9.88497e-01 
  7.25313e-03  9.83242e-01 
  8.50376e-03  9.77027e-01 
  9.75439e-03  9.69868e-01 
  1.10050e-02  9.61782e-01 
  1.22556e-02  9.52791e-01 
  1.35063e-02  9.42916e-01 
  1.47569e-02  9.32184e-01 
  1.60075e-02  9.20622e-01 
  1.72581e-02  9.08257e-01 
  1.85088e-02  8.95121e-01 
  1.97594e-02  8.81246e-01 
  2.10100e-02  8.66667e-01 
  2.22607e-02  8.51419e-01 
  2.35113e-02  8.35539e-01 
  2.47619e-02  8.19066e-01 
  2.60125e-02  8.02039e-01 
  2.72632e-02  7.84497e-01 
  2.85138e-02  7.66483e-01 
  2.97644e-02  7.48039e-01 
  3.10150e-02  7.29205e-01 
  3.22657e-02  7.10026e-01 
  3.35163e-02  6.90545e-01 
  3.47669e-02  6.70804e-01 
  3.60175e-02  6.50846e-01 
  3.72682e-02  6.30715e-01 
  3.85188e-02  6.10454e-01 
  3.97694e-02  5.90103e-01 
  4.10201e-02  5.69706e-01 
  4.22707e-02  5.49302e-01 
  4.35213e-02  5.28933e-01 
  4.47719e-02  5.08636e-01 
  4.60226e-02  4.88451e-01 
  4.72732e-02  4.68415e-01 
  4.85238e-02  4.48562e-01 
  4.97744e-02  4.28927e-01 
  5.10251e-02  4.09543e-01 
  5.22757e-02  3.90442e-01 
  5.35263e-02  3.71653e-01 
  5.47769e-02  3.53205e-01 
  5.60276e-02  3.35123e-01 
  5.72782e-02  3.17433e-01 
  5.85288e-02  3.00157e-01 
  5.97794e-02  2.83317e-01 
  6.10301e-02  2.66930e-01 
  6.22807e-02  2.51016e-01 
  6.35313e-02  2.35588e-01 
  6.47820e-02  2.20661e-01 
  6.60326e-02  2.06246e-01 
  6.72832e-02  1.92352e-01 
  6.85338e-02  1.78988e-01 
  6.97845e-02  1.66160e-01 
  7.10351e-02  1.53871e-01 
  7.22857e-02  1.42125e-01 
  7.35363e-02  1.30921e-01 
  7.47870e-02  1.20260e-01 
  7.60376e-02  1.10137e-01 
  7.72882e-02  1.00550e-01 
  7.85388e-02  9.14932e-02 
  7.97895e-02  8.29588e-02 
  8.10401e-02  7.49388e-02 
  8.22907e-02  6.74238e-02 
  8.35414e-02  6.04029e-02 
  8.47920e-02  5.38645e-02 
  8.60426e-02  4.77956e-02 
  8.72932e-02  4.21825e-02 
  8.85439e-02  3.70107e-02 
  8.97945e-02  3.22649e-02 
  9.10451e-02  2.79290e-02 
  9.22957e-02  2.39867e-02 
  9.35464e-02  2.04208e-02 
  9.47970e-02  1.72140e-02 
  9.60476e-02  1.43486e-02 
  9.72982e-02  1.18068e-02 
  9.85489e-02  9.57036e-03 
  9.97995e-02  7.62134e-03 
  1.01050e-01  5.94161e-03 
  1.02301e-01  4.51320e-03 
  1.03551e-01  3.31829e-03 
  1.04802e-01  2.33929e-03 
  1.06053e-01  1.55891e-03 
  1.07303e-01  9.60226e-04 
  1.08554e-01  5.26705e-04 
  1.09805e-01  2.42287e-04 
  1.11055e-01  9.14168e-05 
  1.12306e-01  5.90906e-05 
  1.13556e-01  1.30894e-04 
  1.14807e-01  2.93035e-04 
  1.16058e-01  5.32373e-04 
  1.17308e-01  8.36443e-04 
  1.18559e-01  1.19348e-03 
  1.19810e-01  1.59242e-03 
  1.21060e-01  2.02295e-03 
  1.22311e-01  2.47545e-03 
  1.23561e-01  2.94106e-03 
  1.24812e-01  3.41165e-03 
  1.26063e-01  3.87981e-03 
  1.27313e-01  4.33886e-03 
  1.28564e-01  4.78283e-03 
  1.29815e-01  5.20644e-03 
  1.31065e-01  5.60509e-03 
  1.32316e-01  5.97483e-03 
  1.33566e-01  6.31236e-03 
  1.34817e-01  6.61498e-03 
  1.36068e-01  6.88057e-03 
  1.37318e-01  7.10755e-03 
  1.38569e-01  7.29489e-03 
  1.39820e-01  7.44204e-03 
  1.41070e-01  7.54888e-03 
  1.42321e-01  7.61576e-03 
  1.43571e-01  7.64338e-03 
  1.44822e-01  7.63281e-03 
  1.46073e-01  7.58543e-03 
  1.47323e-01  7.50291e-03 
  1.48574e-01  7.38717e-03 
  1.49825e-01  7.24034e-03 
  1.51075e-01  7.06474e-03 
  1.52326e-01  6.86282e-03 
  1.53576e-01  6.63716e-03 
  1.54827e-01  6.39042e-03 
  1.56078e-01  6.12533e-03 
  1.57328e-01  5.84462e-03 
  1.58579e-01  5.55106e-03 
  1.59830e-01  5.24737e-03 
  1.61080e-01  4.93623e-03 
  1.62331e-01  4.62026e-03 
  1.63581e-01  4.30199e-03 
  1.64832e-01  3.98384e-03 
  1.66083e-01  3.66813e-03 
  1.67333e-01  3.35702e-03 
  1.68584e-01  3.05254e-03 
  1.69835e-01  2.75658e-03 
  1.71085e-01  2.47083e-03 
  1.72336e-01  2.19683e-03 
  1.73586e-01  1.93597e-03 
  1.74837e-01  1.68942e-03 
  1.76088e-01  1.45819e-03 
  1.77338e-01  1.24313e-03 
  1.78589e-01  1.04487e-03 
  1.79840e-01  8.63922e-04 
  1.81090e-01  7.00583e-04 
  1.82341e-01  5.55010e-04 
  1.83591e-01  4.27198e-04 
  1.84842e-01  3.16995e-04 
  1.86093e-01  2.24109e-04 
  1.87343e-01  1.48116e-04 
  1.88594e-01  8.84740e-05 
  1.89845e-01  4.45286e-05 
  1.91095e-01  1.55277e-05 
  1.92346e-01  6.31435e-07 
  1.93596e-01  -1.07646e-06
  1.94847e-01  9.42315e-06 
  1.96098e-01  3.10963e-05 
  1.97348e-01  6.28676e-05 
  1.98599e-01  1.03631e-04 
  1.99850e-01  1.52262e-04 
  2.01100e-01  2.07626e-04 
  2.02351e-01  2.68593e-04 
  2.03602e-01  3.34041e-04 
  2.04852e-01  4.02871e-04 
  2.06103e-01  4.74012e-04 
  2.07353e-01  5.46433e-04 
  2.08604e-01  6.19145e-04 
  2.09855e-01  6.91211e-04 
  2.11105e-01  7.61751e-04 
  2.12356e-01  8.29948e-04 
  2.13607e-01  8.95051e-04 
  2.14857e-01  9.56379e-04 
  2.16108e-01  1.01332e-03 
  2.17358e-01  1.06536e-03 
  2.18609e-01  1.11201e-03 
  2.19860e-01  1.15292e-03 
  2.21110e-01  1.18777e-03 
  2.22361e-01  1.21635e-03 
  2.23612e-01  1.23848e-03 
  2.24862e-01  1.25411e-03 
  2.26113e-01  1.26321e-03 
  2.27363e-01  1.26584e-03 
  2.28614e-01  1.26212e-03 
  2.29865e-01  1.25224e-03 
  2.31115e-01  1.23642e-03 
  2.32366e-01  1.21496e-03 
  2.33617e-01  1.18817e-03 
  2.34867e-01  1.15644e-03 
  2.36118e-01  1.12017e-03 
  2.37368e-01  1.07979e-03 
  2.38619e-01  1.03576e-03 
  2.39870e-01  9.88562e-04 
  2.41120e-01  9.38693e-04 
  2.42371e-01  8.86650e-04 
  2.43622e-01  8.32938e-04 
  2.44872e-01  7.78061e-04 
  2.46123e-01  7.22516e-04 
  2.47373e-01  6.66788e-04 
  2.48624e-01  6.11348e-04 
  2.49875e-01  5.56649e-04 
  2.51125e-01  5.03120e-04 
  2.52376e-01  4.51164e-04 
  2.53627e-01  4.01157e-04 
  2.54877e-01  3.53443e-04 
  2.56128e-01  3.08333e-04 
  2.57378e-01  2.66101e-04 
  2.58629e-01  2.26988e-04 
  2.59880e-01  1.91195e-04 
  2.61130e-01  1.58887e-04 
  2.62381e-01  1.30190e-04 
  2.63632e-01  1.05190e-04 
  2.64882e-01  8.39397e-05 
  2.66133e-01  6.64517e-05 
  2.67383e-01  5.27046e-05 
  2.68634e-01  4.26425e-05 
  2.69885e-01  3.61769e-05 
  2.71135e-01  3.31892e-05 
  2.72386e-01  3.35321e-05 
  2.73637e-01  3.70323e-05 
  2.74887e-01  4.34933e-05 
  2.76138e-01  5.26974e-05 
  2.77388e-01  6.44088e-05 
  2.78639e-01  7.83765e-05 
  2.79890e-01  9.43368e-05 
  2.81140e-01  1.12017e-04 
  2.82391e-01  1.31136e-04 
  2.83642e-01  1.51411e-04 
  2.84892e-01  1.72557e-04 
  2.86143e-01  1.94291e-04 
  2.87393e-01  2.16333e-04 
  2.88644e-01  2.38412e-04 
  2.89895e-01  2.60264e-04 
  2.91145e-01  2.81638e-04 
  2.92396e-01  3.02293e-04 
  2.93647e-01  3.22008e-04 
  2.94897e-01  3.40574e-04 
  2.96148e-01  3.57803e-04 
  2.97398e-01  3.73526e-04 
  2.98649e-01  3.87592e-04 
  2.99900e-01  3.99875e-04 
  3.01150e-01  4.10267e-04 
  3.02401e-01  4.18684e-04 
  3.03652e-01  4.25063e-04 
  3.04902e-01  4.29365e-04 
  3.06153e-01  4.31570e-04 
  3.07404e-01  4.31682e-04 
  3.08654e-01  4.29722e-04 
  3.09905e-01  4.25735e-04 
  3.11155e-01  4.19782e-04 
  3.12406e-01  4.11942e-04 
  3.13657e-01  4.02311e-04 
  3.14907e-01  3.90999e-04 
  3.16158e-01  3.78131e-04 
  3.17409e-01  3.63842e-04 
  3.18659e-01  3.48278e-04 
  3.19910e-01  3.31596e-04 
  3.21160e-01  3.13955e-04 
  3.22411e-01  2.95524e-04 
  3.23662e-01  2.76473e-04 
  3.24912e-01  2.56973e-04 
  3.26163e-01  2.37197e-04 
  3.27414e-01  2.17316e-04 
  3.28664e-01  1.97498e-04 
  3.29915e-01  1.77904e-04 
  3.31165e-01  1.58693e-04 
  3.32416e-01  1.40014e-04 
  3.33667e-01  1.22007e-04 
  3.34917e-01  1.04805e-04 
  3.36168e-01  8.85282e-05 
  3.37419e-01  7.32857e-05 
  3.38669e-01  5.91750e-05 
  3.39920e-01  4.62806e-05 
  3.41170e-01  3.46736e-05 
  3.42421e-01  2.44118e-05 
  3.43672e-01  1.55392e-05 
  3.44922e-01  8.08611e-06 
  3.46173e-01  2.06903e-06 
  3.47424e-01  -2.50890e-06
  3.48674e-01  -5.65773e-06
  3.49925e-01  -7.40021e-06
  3.51175e-01  -7.77125e-06
  3.52426e-01  -6.81729e-06
  3.53677e-01  -4.59555e-06
  3.54927e-01  -1.17322e-06
  3.56178e-01  3.37341e-06 
  3.57429e-01  8.95992e-06 
  3.58679e-01  1.54947e-05 
  3.59930e-01  2.28802e-05 
  3.61180e-01  3.10135e-05 
  3.62431e-01  3.97881e-05 
  3.63682e-01  4.90944e-05 
  3.64932e-01  5.88210e-05 
  3.66183e-01  6.88560e-05 
  3.67434e-01  7.90877e-05 
  3.68684e-01  8.94059e-05 
  3.69935e-01  9.97026e-05 
  3.71185e-01  1.09873e-04 
  3.72436e-01  1.19818e-04 
  3.73687e-01  1.29440e-04 
  3.74937e-01  1.38652e-04 
  3.76188e-01  1.47369e-04 
  3.77439e-01  1.55515e-04 
  3.78689e-01  1.63022e-04 
  3.79940e-01  1.69829e-04 
  3.81190e-01  1.75885e-04 
  3.82441e-01  1.81145e-04 
  3.83692e-01  1.85575e-04 
  3.84942e-01  1.89149e-04 
  3.86193e-01  1.91849e-04 
  3.87444e-01  1.93668e-04 
  3.88694e-01  1.94606e-04 
  3.89945e-01  1.94672e-04 
  3.91195e-01  1.93882e-04 
  3.92446e-01  1.92260e-04 
  3.93697e-01  1.89840e-04 
  3.94947e-01  1.86659e-04 
  3.96198e-01  1.82762e-04 
  3.97449e-01  1.78199e-04 
  3.98699e-01  1.73026e-04 
  3.99950e-01  1.67302e-04 
  4.01201e-01  1.61091e-04 
  4.02451e-01  1.54459e-04 
  4.03702e-01  1.47474e-04 
  4.04952e-01  1.40207e-04 
  4.06203e-01  1.32727e-04 
  4.07454e-01  1.25107e-04 
  4.08704e-01  1.17415e-04 
  4.09955e-01  1.09721e-04 
  4.11206e-01  1.02092e-04 
  4.12456e-01  9.45928e-05 
  4.13707e-01  8.72845e-05 
  4.14957e-01  8.02252e-05 
  4.16208e-01  7.34686e-05 
  4.17459e-01  6.70644e-05 
  4.18709e-01  6.10569e-05 
  4.19960e-01  5.54859e-05 
  4.21211e-01  5.03852e-05 
  4.22461e-01  4.57835e-05 
  4.23712e-01  4.17034e-05 
  4.24962e-01  3.81620e-05 
  4.26213e-01  3.51704e-05 
  4.27464e-01  3.27341e-05 
  4.28714e-01  3.08526e-05 
  4.29965e-01  2.95201e-05 
  4.31216e-01  2.87255e-05 
  4.32466e-01  2.84523e-05 
  4.33717e-01  2.86795e-05 
  4.34967e-01  2.93814e-05 
  4.36218e-01  3.05281e-05 
  4.37469e-01  3.20863e-05 
  4.38719e-01  3.40190e-05 
  4.39970e-01  3.62866e-05 
  4.41221e-01  3.88468e-05 
  4.42471e-01  4.16557e-05 
  4.43722e-01  4.46677e-05 
  4.44972e-01  4.78363e-05 
  4.46223e-01  5.11145e-05 
  4.47474e-01  5.44555e-05 
  4.48724e-01  5.78127e-05 
  4.49975e-01  6.11405e-05 
  4.51226e-01  6.43947e-05 
  4.52476e-01  6.75328e-05 
  4.53727e-01  7.05147e-05 
  4.54977e-01  7.33024e-05 
  4.56228e-01  7.58612e-05 
  4.57479e-01  7.81593e-05 
  4.58729e-01  8.01681e-05 
  4.59980e-01  8.18631e-05 
  4.61231e-01  8.32232e-05 
  4.62481e-01  8.42313e-05 
  4.63732e-01  8.48744e-05 
  4.64982e-01  8.51435e-05 
  4.66233e-01  8.50337e-05 
  4.67484e-01  8.45442e-05 
  4.68734e-01  8.36782e-05 
  4.69985e-01  8.24428e-05 
  4.71236e-01  8.08487e-05 
  4.72486e-01  7.89103e-05 
  4.73737e-01  7.66455e-05 
  4.74987e-01  7.40751e-05 
  4.76238e-01  7.12229e-05 
  4.77489e-01  6.81154e-05 
  4.78739e-01  6.47811e-05 
  4.79990e-01  6.12508e-05 
  4.81241e-01  5.75567e-05 
  4.82491e-01  5.37325e-05 
  4.83742e-01  4.98127e-05 
  4.84992e-01  4.58324e-05 
  4.86243e-01  4.18270e-05 
  4.87494e-01  3.78319e-05 
  4.88744e-01  3.38817e-05 
  4.89995e-01  3.00105e-05 
  4.91246e-01  2.62513e-05 
  4.92496e-01  2.26357e-05 
  4.93747e-01  1.91934e-05 
  4.94997e-01  1.59524e-05 
  4.96248e-01  1.29383e-05 
  4.97499e-01  1.01745e-05 
  4.98749e-01  7.68171e-06 
  5.00000e-01  5.47778e-06 
