# Simulated data
# sigma generated using Sedlak et al, k=100000, c=0.55, https://doi.org/10.1107/S1600576717003077, and rebinned with 10 per bin)
# q            I            sigma       
  1.00000e-03  4.01864e-01  1.30271e-02 
  2.25063e-03  3.79339e-01  8.67639e-03 
  3.50125e-03  3.72522e-01  6.94621e-03 
  4.75188e-03  3.84825e-01  5.95006e-03 
  6.00251e-03  3.76070e-01  5.27967e-03 
  7.25313e-03  3.67295e-01  4.78689e-03 
  8.50376e-03  3.70531e-01  4.40329e-03 
  9.75439e-03  3.71298e-01  4.09233e-03 
  1.10050e-02  3.61995e-01  3.83253e-03 
  1.22556e-02  3.58481e-01  3.61029e-03 
  1.35063e-02  3.53620e-01  3.41657e-03 
  1.47569e-02  3.45470e-01  3.24508e-03 
  1.60075e-02  3.49557e-01  3.09130e-03 
  1.72581e-02  3.41350e-01  2.95189e-03 
  1.85088e-02  3.30040e-01  2.82431e-03 
  1.97594e-02  3.23577e-01  2.70661e-03 
  2.10100e-02  3.12812e-01  2.59728e-03 
  2.22607e-02  3.10912e-01  2.49508e-03 
  2.35113e-02  3.03733e-01  2.39904e-03 
  2.47619e-02  2.99002e-01  2.30836e-03 
  2.60125e-02  2.87421e-01  2.22237e-03 
  2.72632e-02  2.80068e-01  2.14053e-03 
  2.85138e-02  2.73744e-01  2.06239e-03 
  2.97644e-02  2.63620e-01  1.98756e-03 
  3.10150e-02  2.53393e-01  1.91572e-03 
  3.22657e-02  2.45734e-01  1.84657e-03 
  3.35163e-02  2.38339e-01  1.77990e-03 
  3.47669e-02  2.31479e-01  1.71550e-03 
  3.60175e-02  2.20305e-01  1.65318e-03 
  3.72682e-02  2.11887e-01  1.59281e-03 
  3.85188e-02  2.04407e-01  1.53424e-03 
  3.97694e-02  1.95212e-01  1.47736e-03 
  4.10201e-02  1.88397e-01  1.42208e-03 
  4.22707e-02  1.79539e-01  1.36830e-03 
  4.35213e-02  1.69272e-01  1.31596e-03 
  4.47719e-02  1.60493e-01  1.26498e-03 
  4.60226e-02  1.54420e-01  1.21530e-03 
  4.72732e-02  1.43914e-01  1.16688e-03 
  4.85238e-02  1.33133e-01  1.11967e-03 
  4.97744e-02  1.27933e-01  1.07363e-03 
  5.10251e-02  1.22276e-01  1.02873e-03 
  5.22757e-02  1.13737e-01  9.84932e-04 
  5.35263e-02  1.06722e-01  9.42213e-04 
  5.47769e-02  9.98169e-02  9.00547e-04 
  5.60276e-02  9.27331e-02  8.59916e-04 
  5.72782e-02  8.49381e-02  8.20299e-04 
  5.85288e-02  8.09034e-02  7.81681e-04 
  5.97794e-02  7.31086e-02  7.44047e-04 
  6.10301e-02  6.84988e-02  7.07384e-04 
  6.22807e-02  6.23898e-02  6.71679e-04 
  6.35313e-02  5.73815e-02  6.36924e-04 
  6.47820e-02  5.25508e-02  6.03107e-04 
  6.60326e-02  4.80730e-02  5.70221e-04 
  6.72832e-02  4.40513e-02  5.38257e-04 
  6.85338e-02  3.89550e-02  5.07209e-04 
  6.97845e-02  3.59637e-02  4.77070e-04 
  7.10351e-02  3.11525e-02  4.47834e-04 
  7.22857e-02  2.77866e-02  4.19495e-04 
  7.35363e-02  2.51987e-02  3.92048e-04 
  7.47870e-02  2.21291e-02  3.65488e-04 
  7.60376e-02  1.91748e-02  3.39812e-04 
  7.72882e-02  1.75840e-02  3.15016e-04 
  7.85388e-02  1.46812e-02  2.91097e-04 
  7.97895e-02  1.22286e-02  2.68052e-04 
  8.10401e-02  1.04345e-02  2.45881e-04 
  8.22907e-02  8.34183e-03  2.24584e-04 
  8.35414e-02  7.31491e-03  2.04165e-04 
  8.47920e-02  6.01323e-03  1.84629e-04 
  8.60426e-02  5.06075e-03  1.65988e-04 
  8.72932e-02  3.89680e-03  1.48257e-04 
  8.85439e-02  3.05170e-03  1.31464e-04 
  8.97945e-02  2.15925e-03  1.15649e-04 
  9.10451e-02  1.73937e-03  1.00875e-04 
  9.22957e-02  1.24252e-03  8.72388e-05 
  9.35464e-02  7.85215e-04  7.48905e-05 
  9.47970e-02  5.18933e-04  6.40585e-05 
  9.60476e-02  2.75716e-04  5.50779e-05 
  9.72982e-02  1.75423e-04  4.83886e-05 
  9.85489e-02  6.04229e-05  4.44292e-05 
  9.97995e-02  4.21918e-05  4.33816e-05 
  1.01050e-01  8.06404e-05  4.49484e-05 
  1.02301e-01  1.50490e-04  4.84541e-05 
  1.03551e-01  2.41796e-04  5.31661e-05 
  1.04802e-01  4.54609e-04  5.85043e-05 
  1.06053e-01  6.22184e-04  6.40734e-05 
  1.07303e-01  7.63208e-04  6.96209e-05 
  1.08554e-01  1.15978e-03  7.49888e-05 
  1.09805e-01  1.30589e-03  8.00787e-05 
  1.11055e-01  1.39770e-03  8.48301e-05 
  1.12306e-01  1.74445e-03  8.92064e-05 
  1.13556e-01  1.77193e-03  9.31867e-05 
  1.14807e-01  2.01088e-03  9.67605e-05 
  1.16058e-01  2.20226e-03  9.99245e-05 
  1.17308e-01  2.51425e-03  1.02681e-04 
  1.18559e-01  2.55561e-03  1.05034e-04 
  1.19810e-01  2.84679e-03  1.06994e-04 
  1.21060e-01  2.63496e-03  1.08569e-04 
  1.22311e-01  3.10508e-03  1.09771e-04 
  1.23561e-01  2.84721e-03  1.10612e-04 
  1.24812e-01  3.16330e-03  1.11107e-04 
  1.26063e-01  3.20398e-03  1.11270e-04 
  1.27313e-01  3.28284e-03  1.11114e-04 
  1.28564e-01  3.29372e-03  1.10656e-04 
  1.29815e-01  3.19233e-03  1.09909e-04 
  1.31065e-01  3.06844e-03  1.08891e-04 
  1.32316e-01  3.07759e-03  1.07617e-04 
  1.33566e-01  3.18123e-03  1.06102e-04 
  1.34817e-01  2.96515e-03  1.04363e-04 
  1.36068e-01  2.87629e-03  1.02415e-04 
  1.37318e-01  2.71697e-03  1.00275e-04 
  1.38569e-01  2.63208e-03  9.79580e-05 
  1.39820e-01  2.54730e-03  9.54807e-05 
  1.41070e-01  2.40081e-03  9.28588e-05 
  1.42321e-01  2.33964e-03  9.01082e-05 
  1.43571e-01  2.00347e-03  8.72450e-05 
  1.44822e-01  2.02791e-03  8.42850e-05 
  1.46073e-01  1.77745e-03  8.12444e-05 
  1.47323e-01  1.62371e-03  7.81390e-05 
  1.48574e-01  1.58669e-03  7.49852e-05 
  1.49825e-01  1.35886e-03  7.17994e-05 
  1.51075e-01  1.20550e-03  6.85980e-05 
  1.52326e-01  1.11063e-03  6.53982e-05 
  1.53576e-01  9.16418e-04  6.22173e-05 
  1.54827e-01  8.42223e-04  5.90735e-05 
  1.56078e-01  6.85172e-04  5.59854e-05 
  1.57328e-01  5.41180e-04  5.29729e-05 
  1.58579e-01  5.48890e-04  5.00567e-05 
  1.59830e-01  4.21632e-04  4.72588e-05 
  1.61080e-01  3.42691e-04  4.46023e-05 
  1.62331e-01  2.38014e-04  4.21118e-05 
  1.63581e-01  2.43663e-04  3.98125e-05 
  1.64832e-01  1.36915e-04  3.77301e-05 
  1.66083e-01  1.06509e-04  3.58896e-05 
  1.67333e-01  4.80560e-05  3.43139e-05 
  1.68584e-01  2.45277e-05  3.30214e-05 
  1.69835e-01  6.39987e-05  3.20243e-05 
  1.71085e-01  3.54637e-05  3.13262e-05 
  1.72336e-01  -5.64606e-07 3.09211e-05 
  1.73586e-01  -4.25941e-05 3.07928e-05 
  1.74837e-01  5.93155e-06  3.09165e-05 
  1.76088e-01  -6.42331e-06 3.12606e-05 
  1.77338e-01  1.13424e-06  3.17899e-05 
  1.78589e-01  4.32104e-05  3.24680e-05 
  1.79840e-01  8.09854e-05  3.32597e-05 
  1.81090e-01  5.83487e-05  3.41320e-05 
  1.82341e-01  1.63630e-04  3.50556e-05 
  1.83591e-01  1.27846e-04  3.60047e-05 
  1.84842e-01  1.56387e-04  3.69573e-05 
  1.86093e-01  2.11205e-04  3.78948e-05 
  1.87343e-01  2.60615e-04  3.88018e-05 
  1.88594e-01  2.94603e-04  3.96654e-05 
  1.89845e-01  2.35258e-04  4.04752e-05 
  1.91095e-01  3.63297e-04  4.12231e-05 
  1.92346e-01  3.63742e-04  4.19023e-05 
  1.93596e-01  4.32962e-04  4.25080e-05 
  1.94847e-01  3.75866e-04  4.30363e-05 
  1.96098e-01  4.58912e-04  4.34847e-05 
  1.97348e-01  3.20949e-04  4.38516e-05 
  1.98599e-01  4.69050e-04  4.41363e-05 
  1.99850e-01  5.27184e-04  4.43388e-05 
  2.01100e-01  4.10840e-04  4.44598e-05 
  2.02351e-01  6.05862e-04  4.45007e-05 
  2.03602e-01  5.58886e-04  4.44632e-05 
  2.04852e-01  4.82782e-04  4.43497e-05 
  2.06103e-01  5.36017e-04  4.41629e-05 
  2.07353e-01  4.65144e-04  4.39060e-05 
  2.08604e-01  4.51085e-04  4.35824e-05 
  2.09855e-01  5.33908e-04  4.31961e-05 
  2.11105e-01  3.88296e-04  4.27510e-05 
  2.12356e-01  3.75691e-04  4.22517e-05 
  2.13607e-01  4.00729e-04  4.17027e-05 
  2.14857e-01  4.35328e-04  4.11089e-05 
  2.16108e-01  4.01382e-04  4.04754e-05 
  2.17358e-01  3.67277e-04  3.98075e-05 
  2.18609e-01  3.74730e-04  3.91105e-05 
  2.19860e-01  3.61086e-04  3.83901e-05 
  2.21110e-01  3.14811e-04  3.76520e-05 
  2.22361e-01  2.61558e-04  3.69019e-05 
  2.23612e-01  3.77769e-04  3.61458e-05 
  2.24862e-01  2.30285e-04  3.53894e-05 
  2.26113e-01  2.72464e-04  3.46387e-05 
  2.27363e-01  2.13281e-04  3.38995e-05 
  2.28614e-01  1.56631e-04  3.31776e-05 
  2.29865e-01  1.77341e-04  3.24785e-05 
  2.31115e-01  1.47716e-04  3.18075e-05 
  2.32366e-01  1.29169e-04  3.11697e-05 
  2.33617e-01  1.23442e-04  3.05698e-05 
  2.34867e-01  9.61480e-05  3.00117e-05 
  2.36118e-01  2.30443e-05  2.94993e-05 
  2.37368e-01  6.54262e-05  2.90353e-05 
  2.38619e-01  8.04661e-05  2.86221e-05 
  2.39870e-01  7.12029e-05  2.82610e-05 
  2.41120e-01  5.47848e-05  2.79527e-05 
  2.42371e-01  3.42850e-05  2.76970e-05 
  2.43622e-01  -1.53693e-06 2.74929e-05 
  2.44872e-01  2.70589e-07  2.73385e-05 
  2.46123e-01  1.92371e-05  2.72313e-05 
  2.47373e-01  3.51877e-05  2.71682e-05 
  2.48624e-01  2.23775e-05  2.71454e-05 
  2.49875e-01  -8.95378e-06 2.71588e-05 
  2.51125e-01  6.32952e-05  2.72040e-05 
  2.52376e-01  7.53689e-05  2.72763e-05 
  2.53627e-01  3.19650e-05  2.73712e-05 
  2.54877e-01  1.85752e-05  2.74839e-05 
  2.56128e-01  5.12230e-05  2.76098e-05 
  2.57378e-01  5.94612e-05  2.77445e-05 
  2.58629e-01  8.41017e-05  2.78839e-05 
  2.59880e-01  1.12451e-04  2.80240e-05 
  2.61130e-01  1.01457e-04  2.81613e-05 
  2.62381e-01  9.15127e-05  2.82925e-05 
  2.63632e-01  4.84402e-05  2.84147e-05 
  2.64882e-01  1.08759e-04  2.85252e-05 
  2.66133e-01  1.07945e-04  2.86219e-05 
  2.67383e-01  1.30911e-04  2.87027e-05 
  2.68634e-01  7.79809e-05  2.87662e-05 
  2.69885e-01  1.17431e-04  2.88111e-05 
  2.71135e-01  1.14548e-04  2.88364e-05 
  2.72386e-01  1.09180e-04  2.88414e-05 
  2.73637e-01  1.23188e-04  2.88258e-05 
  2.74887e-01  1.35354e-04  2.87894e-05 
  2.76138e-01  1.29629e-04  2.87323e-05 
  2.77388e-01  1.33068e-04  2.86549e-05 
  2.78639e-01  7.01043e-05  2.85578e-05 
  2.79890e-01  1.48332e-04  2.84416e-05 
  2.81140e-01  8.38618e-05  2.83074e-05 
  2.82391e-01  9.51753e-05  2.81563e-05 
  2.83642e-01  1.42541e-04  2.79894e-05 
  2.84892e-01  1.40784e-04  2.78083e-05 
  2.86143e-01  1.26218e-04  2.76143e-05 
  2.87393e-01  1.21747e-04  2.74092e-05 
  2.88644e-01  1.39609e-04  2.71945e-05 
  2.89895e-01  5.38204e-05  2.69722e-05 
  2.91145e-01  8.44733e-05  2.67439e-05 
  2.92396e-01  1.04214e-04  2.65116e-05 
  2.93647e-01  3.97015e-05  2.62770e-05 
  2.94897e-01  7.12012e-05  2.60420e-05 
  2.96148e-01  3.72296e-05  2.58084e-05 
  2.97398e-01  -3.18004e-06 2.55781e-05 
  2.98649e-01  5.02876e-06  2.53525e-05 
  2.99900e-01  8.49168e-05  2.51334e-05 
  3.01150e-01  6.89573e-05  2.49223e-05 
  3.02401e-01  6.42122e-06  2.47205e-05 
  3.03652e-01  -1.94729e-05 2.45291e-05 
  3.04902e-01  -1.12531e-05 2.43493e-05 
  3.06153e-01  3.62910e-05  2.41820e-05 
  3.07404e-01  3.24467e-05  2.40278e-05 
  3.08654e-01  4.55562e-06  2.38872e-05 
  3.09905e-01  9.03406e-07  2.37605e-05 
  3.11155e-01  -1.50058e-05 2.36479e-05 
  3.12406e-01  -1.15508e-05 2.35493e-05 
  3.13657e-01  2.02828e-05  2.34643e-05 
  3.14907e-01  1.55630e-05  2.33927e-05 
  3.16158e-01  4.12385e-05  2.33337e-05 
  3.17409e-01  7.85230e-06  2.32866e-05 
  3.18659e-01  2.91819e-05  2.32507e-05 
  3.19910e-01  -3.13876e-06 2.32248e-05 
  3.21160e-01  9.11065e-07  2.32079e-05 
  3.22411e-01  1.78433e-05  2.31989e-05 
  3.23662e-01  3.51438e-05  2.31967e-05 
  3.24912e-01  -1.77779e-05 2.32000e-05 
  3.26163e-01  -2.06161e-05 2.32076e-05 
  3.27414e-01  1.02632e-05  2.32184e-05 
  3.28664e-01  4.82630e-06  2.32312e-05 
  3.29915e-01  5.90762e-05  2.32448e-05 
  3.31165e-01  1.35413e-05  2.32582e-05 
  3.32416e-01  -3.74986e-05 2.32704e-05 
  3.33667e-01  -7.23182e-06 2.32805e-05 
  3.34917e-01  4.52726e-05  2.32877e-05 
  3.36168e-01  2.01554e-05  2.32913e-05 
  3.37419e-01  3.78211e-05  2.32905e-05 
  3.38669e-01  2.17599e-05  2.32849e-05 
  3.39920e-01  5.07299e-05  2.32740e-05 
  3.41170e-01  5.12423e-05  2.32575e-05 
  3.42421e-01  2.29053e-05  2.32351e-05 
  3.43672e-01  4.90842e-05  2.32068e-05 
  3.44922e-01  3.37426e-05  2.31725e-05 
  3.46173e-01  3.55952e-06  2.31322e-05 
  3.47424e-01  5.79429e-05  2.30861e-05 
  3.48674e-01  -8.71652e-07 2.30344e-05 
  3.49925e-01  3.59658e-05  2.29774e-05 
  3.51175e-01  6.02841e-05  2.29155e-05 
  3.52426e-01  1.52339e-05  2.28492e-05 
  3.53677e-01  4.14429e-05  2.27790e-05 
  3.54927e-01  8.90332e-06  2.27054e-05 
  3.56178e-01  8.80144e-06  2.26289e-05 
  3.57429e-01  4.36124e-05  2.25504e-05 
  3.58679e-01  -9.83814e-06 2.24703e-05 
  3.59930e-01  -1.74827e-05 2.23894e-05 
  3.61180e-01  -1.09734e-05 2.23083e-05 
  3.62431e-01  -5.82480e-05 2.22278e-05 
  3.63682e-01  2.30333e-06  2.21484e-05 
  3.64932e-01  2.33174e-05  2.20709e-05 
  3.66183e-01  1.60112e-05  2.19958e-05 
  3.67434e-01  -1.92071e-05 2.19237e-05 
  3.68684e-01  2.97594e-05  2.18551e-05 
  3.69935e-01  2.04185e-05  2.17906e-05 
  3.71185e-01  -2.53231e-06 2.17305e-05 
  3.72436e-01  1.71628e-05  2.16751e-05 
  3.73687e-01  2.92974e-05  2.16249e-05 
  3.74937e-01  -4.89112e-05 2.15799e-05 
  3.76188e-01  3.99682e-06  2.15403e-05 
  3.77439e-01  2.43652e-05  2.15063e-05 
  3.78689e-01  -2.46597e-05 2.14777e-05 
  3.79940e-01  1.79752e-05  2.14545e-05 
  3.81190e-01  6.66873e-05  2.14365e-05 
  3.82441e-01  -1.16776e-05 2.14236e-05 
  3.83692e-01  -9.64581e-06 2.14154e-05 
  3.84942e-01  1.05607e-05  2.14116e-05 
  3.86193e-01  2.02429e-05  2.14118e-05 
  3.87444e-01  5.12755e-05  2.14156e-05 
  3.88694e-01  3.83987e-05  2.14226e-05 
  3.89945e-01  1.56801e-05  2.14321e-05 
  3.91195e-01  1.11663e-06  2.14437e-05 
  3.92446e-01  6.70449e-05  2.14569e-05 
  3.93697e-01  -7.57339e-06 2.14710e-05 
  3.94947e-01  2.37214e-05  2.14857e-05 
  3.96198e-01  6.43687e-05  2.15002e-05 
  3.97449e-01  3.82878e-05  2.15142e-05 
  3.98699e-01  -9.38661e-06 2.15271e-05 
  3.99950e-01  5.71733e-05  2.15383e-05 
  4.01201e-01  4.41959e-05  2.15475e-05 
  4.02451e-01  5.53551e-05  2.15543e-05 
  4.03702e-01  8.02394e-05  2.15582e-05 
  4.04952e-01  4.37739e-05  2.15590e-05 
  4.06203e-01  1.05417e-05  2.15563e-05 
  4.07454e-01  -5.72548e-06 2.15498e-05 
  4.08704e-01  5.45309e-05  2.15395e-05 
  4.09955e-01  6.33085e-05  2.15251e-05 
  4.11206e-01  8.60243e-05  2.15064e-05 
  4.12456e-01  5.79893e-06  2.14836e-05 
  4.13707e-01  4.49678e-05  2.14565e-05 
  4.14957e-01  4.83004e-05  2.14251e-05 
  4.16208e-01  2.58783e-05  2.13897e-05 
  4.17459e-01  9.33507e-06  2.13502e-05 
  4.18709e-01  7.69724e-05  2.13069e-05 
  4.19960e-01  2.51751e-05  2.12600e-05 
  4.21211e-01  5.38386e-05  2.12097e-05 
  4.22461e-01  2.88171e-05  2.11563e-05 
  4.23712e-01  3.41318e-05  2.11001e-05 
  4.24962e-01  -9.12296e-06 2.10413e-05 
  4.26213e-01  5.09250e-05  2.09805e-05 
  4.27464e-01  5.74656e-05  2.09179e-05 
  4.28714e-01  3.57635e-05  2.08539e-05 
  4.29965e-01  -1.67410e-05 2.07889e-05 
  4.31216e-01  4.50278e-05  2.07233e-05 
  4.32466e-01  1.04394e-05  2.06575e-05 
  4.33717e-01  2.73102e-05  2.05919e-05 
  4.34967e-01  1.11234e-05  2.05268e-05 
  4.36218e-01  4.76093e-05  2.04627e-05 
  4.37469e-01  -7.15068e-06 2.03998e-05 
  4.38719e-01  2.84684e-05  2.03384e-05 
  4.39970e-01  -4.01185e-06 2.02790e-05 
  4.41221e-01  4.16623e-05  2.02216e-05 
  4.42471e-01  2.47347e-05  2.01667e-05 
  4.43722e-01  1.06225e-05  2.01143e-05 
  4.44972e-01  1.22158e-05  2.00647e-05 
  4.46223e-01  2.04415e-05  2.00180e-05 
  4.47474e-01  -1.20042e-05 1.99743e-05 
  4.48724e-01  -1.95734e-05 1.99335e-05 
  4.49975e-01  5.42295e-06  1.98958e-05 
  4.51226e-01  1.00989e-05  1.98612e-05 
  4.52476e-01  2.08181e-05  1.98295e-05 
  4.53727e-01  2.03555e-05  1.98006e-05 
  4.54977e-01  3.08808e-05  1.97746e-05 
  4.56228e-01  -1.43455e-06 1.97511e-05 
  4.57479e-01  4.51394e-05  1.97300e-05 
  4.58729e-01  4.26564e-05  1.97111e-05 
  4.59980e-01  3.35977e-05  1.96942e-05 
  4.61231e-01  4.11219e-05  1.96790e-05 
  4.62481e-01  -4.98198e-06 1.96653e-05 
  4.63732e-01  -5.64172e-06 1.96528e-05 
  4.64982e-01  9.82371e-06  1.96413e-05 
  4.66233e-01  1.92857e-05  1.96304e-05 
  4.67484e-01  3.98025e-05  1.96198e-05 
  4.68734e-01  3.67242e-05  1.96094e-05 
  4.69985e-01  2.90431e-05  1.95989e-05 
  4.71236e-01  4.57710e-06  1.95879e-05 
  4.72486e-01  -2.93247e-05 1.95763e-05 
  4.73737e-01  2.27749e-05  1.95638e-05 
  4.74987e-01  2.31266e-05  1.95503e-05 
  4.76238e-01  1.18597e-05  1.95355e-05 
  4.77489e-01  8.59842e-06  1.95193e-05 
  4.78739e-01  1.51402e-05  1.95016e-05 
  4.79990e-01  2.01497e-05  1.94822e-05 
  4.81241e-01  3.53955e-05  1.94610e-05 
  4.82491e-01  -3.88575e-07 1.94381e-05 
  4.83742e-01  3.13922e-05  1.94133e-05 
  4.84992e-01  -1.16744e-05 1.93867e-05 
  4.86243e-01  2.36346e-05  1.93582e-05 
  4.87494e-01  3.59716e-06  1.93279e-05 
  4.88744e-01  7.48910e-06  1.92958e-05 
  4.89995e-01  1.34552e-05  1.92621e-05 
  4.91246e-01  6.02497e-06  1.92269e-05 
  4.92496e-01  1.04215e-06  1.91902e-05 
  4.93747e-01  8.46444e-06  1.91522e-05 
  4.94997e-01  9.20433e-06  1.91131e-05 
  4.96248e-01  4.49867e-05  1.90730e-05 
  4.97499e-01  1.95466e-05  1.90321e-05 
  4.98749e-01  -2.54793e-05 1.89906e-05 
  5.00000e-01  2.58766e-05  1.89487e-05 
