# Simulated SAS data with noise
# sigma generated using Sedlak et al, k=100000, c=0.55, https://doi.org/10.1107/S1600576717003077, and rebinned with 10 per bin)
# q            I            sigma       
  1.00000e-03  2.83196e-01  1.09384e-02 
  2.25063e-03  2.57925e-01  7.28652e-03 
  3.50125e-03  2.57259e-01  5.83527e-03 
  4.75188e-03  2.58114e-01  5.00062e-03 
  6.00251e-03  2.65904e-01  4.43973e-03 
  7.25313e-03  2.64963e-01  4.02817e-03 
  8.50376e-03  2.59405e-01  3.70847e-03 
  9.75439e-03  2.59385e-01  3.44993e-03 
  1.10050e-02  2.60986e-01  3.23449e-03 
  1.22556e-02  2.54170e-01  3.05073e-03 
  1.35063e-02  2.57554e-01  2.89103e-03 
  1.47569e-02  2.49986e-01  2.75011e-03 
  1.60075e-02  2.43678e-01  2.62415e-03 
  1.72581e-02  2.46926e-01  2.51034e-03 
  1.85088e-02  2.34643e-01  2.40654e-03 
  1.97594e-02  2.36010e-01  2.31111e-03 
  2.10100e-02  2.33411e-01  2.22275e-03 
  2.22607e-02  2.32170e-01  2.14043e-03 
  2.35113e-02  2.23307e-01  2.06332e-03 
  2.47619e-02  2.23507e-01  1.99073e-03 
  2.60125e-02  2.14660e-01  1.92211e-03 
  2.72632e-02  2.12916e-01  1.85698e-03 
  2.85138e-02  2.05647e-01  1.79495e-03 
  2.97644e-02  2.01018e-01  1.73570e-03 
  3.10150e-02  1.94734e-01  1.67894e-03 
  3.22657e-02  1.88603e-01  1.62443e-03 
  3.35163e-02  1.83881e-01  1.57196e-03 
  3.47669e-02  1.81620e-01  1.52135e-03 
  3.60175e-02  1.74151e-01  1.47246e-03 
  3.72682e-02  1.70352e-01  1.42514e-03 
  3.85188e-02  1.65151e-01  1.37928e-03 
  3.97694e-02  1.58966e-01  1.33478e-03 
  4.10201e-02  1.52611e-01  1.29154e-03 
  4.22707e-02  1.47567e-01  1.24949e-03 
  4.35213e-02  1.40837e-01  1.20855e-03 
  4.47719e-02  1.37030e-01  1.16867e-03 
  4.60226e-02  1.30023e-01  1.12979e-03 
  4.72732e-02  1.23159e-01  1.09186e-03 
  4.85238e-02  1.19154e-01  1.05485e-03 
  4.97744e-02  1.14673e-01  1.01870e-03 
  5.10251e-02  1.09285e-01  9.83389e-04 
  5.22757e-02  1.05429e-01  9.48888e-04 
  5.35263e-02  9.98925e-02  9.15169e-04 
  5.47769e-02  9.43501e-02  8.82207e-04 
  5.60276e-02  8.82852e-02  8.49981e-04 
  5.72782e-02  8.50189e-02  8.18474e-04 
  5.85288e-02  8.06421e-02  7.87668e-04 
  5.97794e-02  7.75111e-02  7.57549e-04 
  6.10301e-02  7.14657e-02  7.28103e-04 
  6.22807e-02  6.86938e-02  6.99319e-04 
  6.35313e-02  6.32273e-02  6.71185e-04 
  6.47820e-02  5.96712e-02  6.43694e-04 
  6.60326e-02  5.56800e-02  6.16837e-04 
  6.72832e-02  5.09273e-02  5.90606e-04 
  6.85338e-02  4.92290e-02  5.64995e-04 
  6.97845e-02  4.47359e-02  5.39999e-04 
  7.10351e-02  4.09968e-02  5.15612e-04 
  7.22857e-02  3.89468e-02  4.91830e-04 
  7.35363e-02  3.43233e-02  4.68650e-04 
  7.47870e-02  3.26765e-02  4.46067e-04 
  7.60376e-02  2.95934e-02  4.24080e-04 
  7.72882e-02  2.65746e-02  4.02687e-04 
  7.85388e-02  2.39541e-02  3.81885e-04 
  7.97895e-02  2.16349e-02  3.61673e-04 
  8.10401e-02  1.99344e-02  3.42051e-04 
  8.22907e-02  1.81377e-02  3.23019e-04 
  8.35414e-02  1.62820e-02  3.04577e-04 
  8.47920e-02  1.46963e-02  2.86727e-04 
  8.60426e-02  1.27673e-02  2.69471e-04 
  8.72932e-02  1.14650e-02  2.52812e-04 
  8.85439e-02  9.84931e-03  2.36755e-04 
  8.97945e-02  8.44451e-03  2.21304e-04 
  9.10451e-02  7.80755e-03  2.06469e-04 
  9.22957e-02  6.61920e-03  1.92258e-04 
  9.35464e-02  5.42755e-03  1.78683e-04 
  9.47970e-02  4.73274e-03  1.65760e-04 
  9.60476e-02  3.80486e-03  1.53508e-04 
  9.72982e-02  3.27301e-03  1.41949e-04 
  9.85489e-02  2.77035e-03  1.31111e-04 
  9.97995e-02  1.90397e-03  1.21030e-04 
  1.01050e-01  1.61351e-03  1.11743e-04 
  1.02301e-01  1.23990e-03  1.03298e-04 
  1.03551e-01  9.45116e-04  9.57441e-05 
  1.04802e-01  4.09968e-04  8.91328e-05 
  1.06053e-01  4.58290e-04  8.35126e-05 
  1.07303e-01  1.99489e-04  7.89201e-05 
  1.08554e-01  1.61988e-04  7.53714e-05 
  1.09805e-01  1.35242e-04  7.28531e-05 
  1.11055e-01  -6.01554e-05 7.13159e-05 
  1.12306e-01  7.51858e-05  7.06755e-05 
  1.13556e-01  3.55940e-05  7.08191e-05 
  1.14807e-01  7.07666e-05  7.16168e-05 
  1.16058e-01  1.73208e-04  7.29340e-05 
  1.17308e-01  2.25453e-04  7.46422e-05 
  1.18559e-01  3.28849e-04  7.66254e-05 
  1.19810e-01  5.02862e-04  7.87836e-05 
  1.21060e-01  4.60992e-04  8.10334e-05 
  1.22311e-01  7.66597e-04  8.33067e-05 
  1.23561e-01  7.65874e-04  8.55493e-05 
  1.24812e-01  9.19548e-04  8.77185e-05 
  1.26063e-01  9.44992e-04  8.97810e-05 
  1.27313e-01  1.20547e-03  9.17115e-05 
  1.28564e-01  1.26135e-03  9.34911e-05 
  1.29815e-01  1.37430e-03  9.51059e-05 
  1.31065e-01  1.57710e-03  9.65462e-05 
  1.32316e-01  1.62913e-03  9.78058e-05 
  1.33566e-01  1.79909e-03  9.88811e-05 
  1.34817e-01  1.69581e-03  9.97706e-05 
  1.36068e-01  1.81653e-03  1.00475e-04 
  1.37318e-01  1.92612e-03  1.00996e-04 
  1.38569e-01  1.92881e-03  1.01337e-04 
  1.39820e-01  1.97079e-03  1.01502e-04 
  1.41070e-01  2.00474e-03  1.01497e-04 
  1.42321e-01  1.99284e-03  1.01327e-04 
  1.43571e-01  2.06911e-03  1.00998e-04 
  1.44822e-01  1.97859e-03  1.00518e-04 
  1.46073e-01  2.04521e-03  9.98931e-05 
  1.47323e-01  1.98574e-03  9.91322e-05 
  1.48574e-01  1.97050e-03  9.82429e-05 
  1.49825e-01  2.05081e-03  9.72335e-05 
  1.51075e-01  1.84064e-03  9.61125e-05 
  1.52326e-01  1.81534e-03  9.48886e-05 
  1.53576e-01  1.74626e-03  9.35707e-05 
  1.54827e-01  1.77594e-03  9.21678e-05 
  1.56078e-01  1.44057e-03  9.06889e-05 
  1.57328e-01  1.53175e-03  8.91434e-05 
  1.58579e-01  1.44269e-03  8.75405e-05 
  1.59830e-01  1.38825e-03  8.58896e-05 
  1.61080e-01  1.42586e-03  8.41999e-05 
  1.62331e-01  1.35901e-03  8.24810e-05 
  1.63581e-01  1.16277e-03  8.07423e-05 
  1.64832e-01  1.01293e-03  7.89931e-05 
  1.66083e-01  9.46966e-04  7.72428e-05 
  1.67333e-01  8.73852e-04  7.55008e-05 
  1.68584e-01  8.38526e-04  7.37761e-05 
  1.69835e-01  6.06015e-04  7.20779e-05 
  1.71085e-01  6.76731e-04  7.04150e-05 
  1.72336e-01  5.68833e-04  6.87960e-05 
  1.73586e-01  4.92083e-04  6.72291e-05 
  1.74837e-01  4.59035e-04  6.57223e-05 
  1.76088e-01  4.00200e-04  6.42831e-05 
  1.77338e-01  3.92947e-04  6.29181e-05 
  1.78589e-01  2.52475e-04  6.16338e-05 
  1.79840e-01  1.79412e-04  6.04354e-05 
  1.81090e-01  1.18139e-04  5.93275e-05 
  1.82341e-01  1.23544e-04  5.83138e-05 
  1.83591e-01  1.72684e-04  5.73969e-05 
  1.84842e-01  1.47888e-04  5.65781e-05 
  1.86093e-01  7.65955e-05  5.58579e-05 
  1.87343e-01  2.82222e-05  5.52355e-05 
  1.88594e-01  -2.87311e-05 5.47088e-05 
  1.89845e-01  6.51359e-05  5.42748e-05 
  1.91095e-01  4.16936e-05  5.39295e-05 
  1.92346e-01  6.72017e-05  5.36680e-05 
  1.93596e-01  -4.58122e-05 5.34846e-05 
  1.94847e-01  -3.58721e-05 5.33728e-05 
  1.96098e-01  -6.38705e-05 5.33260e-05 
  1.97348e-01  6.60267e-05  5.33368e-05 
  1.98599e-01  5.42544e-05  5.33981e-05 
  1.99850e-01  6.32718e-05  5.35024e-05 
  2.01100e-01  8.97320e-05  5.36423e-05 
  2.02351e-01  1.22067e-04  5.38109e-05 
  2.03602e-01  9.09759e-05  5.40011e-05 
  2.04852e-01  9.18748e-05  5.42065e-05 
  2.06103e-01  2.16960e-04  5.44209e-05 
  2.07353e-01  3.07120e-04  5.46386e-05 
  2.08604e-01  2.13516e-04  5.48544e-05 
  2.09855e-01  2.43383e-04  5.50635e-05 
  2.11105e-01  3.02205e-04  5.52615e-05 
  2.12356e-01  1.93537e-04  5.54446e-05 
  2.13607e-01  2.26322e-04  5.56095e-05 
  2.14857e-01  2.73221e-04  5.57532e-05 
  2.16108e-01  9.77774e-05  5.58733e-05 
  2.17358e-01  3.86716e-04  5.59677e-05 
  2.18609e-01  2.51915e-04  5.60347e-05 
  2.19860e-01  1.70778e-04  5.60731e-05 
  2.21110e-01  3.66812e-04  5.60820e-05 
  2.22361e-01  2.95961e-04  5.60607e-05 
  2.23612e-01  3.06568e-04  5.60091e-05 
  2.24862e-01  3.68340e-04  5.59272e-05 
  2.26113e-01  3.78620e-04  5.58153e-05 
  2.27363e-01  3.58703e-04  5.56740e-05 
  2.28614e-01  2.43024e-04  5.55040e-05 
  2.29865e-01  2.68365e-04  5.53066e-05 
  2.31115e-01  2.68418e-04  5.50828e-05 
  2.32366e-01  3.19577e-04  5.48341e-05 
  2.33617e-01  2.49899e-04  5.45621e-05 
  2.34867e-01  3.64507e-04  5.42685e-05 
  2.36118e-01  3.24482e-04  5.39553e-05 
  2.37368e-01  2.69242e-04  5.36243e-05 
  2.38619e-01  4.01946e-04  5.32777e-05 
  2.39870e-01  2.93325e-04  5.29176e-05 
  2.41120e-01  1.53696e-04  5.25463e-05 
  2.42371e-01  2.37834e-04  5.21659e-05 
  2.43622e-01  1.75820e-04  5.17788e-05 
  2.44872e-01  2.90775e-04  5.13873e-05 
  2.46123e-01  1.79421e-04  5.09937e-05 
  2.47373e-01  1.85105e-04  5.06001e-05 
  2.48624e-01  2.11250e-04  5.02088e-05 
  2.49875e-01  2.16990e-04  4.98220e-05 
  2.51125e-01  1.05004e-04  4.94416e-05 
  2.52376e-01  1.77182e-04  4.90697e-05 
  2.53627e-01  1.16013e-04  4.87080e-05 
  2.54877e-01  1.03130e-05  4.83583e-05 
  2.56128e-01  5.54707e-05  4.80221e-05 
  2.57378e-01  -4.79885e-05 4.77009e-05 
  2.58629e-01  9.56456e-05  4.73957e-05 
  2.59880e-01  6.37418e-05  4.71077e-05 
  2.61130e-01  1.02661e-04  4.68377e-05 
  2.62381e-01  2.52676e-05  4.65863e-05 
  2.63632e-01  3.49849e-06  4.63540e-05 
  2.64882e-01  1.40162e-04  4.61409e-05 
  2.66133e-01  6.25439e-05  4.59473e-05 
  2.67383e-01  -3.03948e-05 4.57729e-05 
  2.68634e-01  -4.88168e-07 4.56173e-05 
  2.69885e-01  1.77608e-05  4.54801e-05 
  2.71135e-01  -6.04744e-05 4.53606e-05 
  2.72386e-01  -4.25722e-05 4.52580e-05 
  2.73637e-01  4.96524e-05  4.51714e-05 
  2.74887e-01  1.02486e-05  4.50995e-05 
  2.76138e-01  6.30999e-05  4.50414e-05 
  2.77388e-01  -6.34094e-05 4.49957e-05 
  2.78639e-01  1.32089e-05  4.49611e-05 
  2.79890e-01  -3.80043e-05 4.49361e-05 
  2.81140e-01  1.69588e-05  4.49196e-05 
  2.82391e-01  9.16868e-05  4.49099e-05 
  2.83642e-01  5.67726e-05  4.49057e-05 
  2.84892e-01  1.12959e-04  4.49056e-05 
  2.86143e-01  -2.57676e-05 4.49082e-05 
  2.87393e-01  7.65814e-05  4.49122e-05 
  2.88644e-01  5.14150e-05  4.49164e-05 
  2.89895e-01  1.29058e-04  4.49194e-05 
  2.91145e-01  6.02190e-05  4.49203e-05 
  2.92396e-01  1.77414e-04  4.49179e-05 
  2.93647e-01  1.45864e-04  4.49113e-05 
  2.94897e-01  7.73939e-05  4.48996e-05 
  2.96148e-01  7.44688e-05  4.48819e-05 
  2.97398e-01  3.65301e-05  4.48577e-05 
  2.98649e-01  5.97132e-05  4.48263e-05 
  2.99900e-01  1.10136e-04  4.47873e-05 
  3.01150e-01  1.93099e-04  4.47401e-05 
  3.02401e-01  1.18449e-04  4.46847e-05 
  3.03652e-01  7.72073e-05  4.46206e-05 
  3.04902e-01  1.49491e-04  4.45479e-05 
  3.06153e-01  1.45771e-04  4.44664e-05 
  3.07404e-01  1.07444e-04  4.43764e-05 
  3.08654e-01  1.06110e-04  4.42778e-05 
  3.09905e-01  9.09354e-05  4.41711e-05 
  3.11155e-01  1.17583e-04  4.40563e-05 
  3.12406e-01  6.77507e-05  4.39341e-05 
  3.13657e-01  5.41492e-05  4.38046e-05 
  3.14907e-01  1.00494e-04  4.36686e-05 
  3.16158e-01  5.61674e-05  4.35265e-05 
  3.17409e-01  9.08044e-05  4.33789e-05 
  3.18659e-01  1.65584e-04  4.32264e-05 
  3.19910e-01  8.59485e-05  4.30698e-05 
  3.21160e-01  8.11181e-05  4.29097e-05 
  3.22411e-01  1.77406e-04  4.27468e-05 
  3.23662e-01  1.31610e-04  4.25818e-05 
  3.24912e-01  7.12378e-05  4.24156e-05 
  3.26163e-01  5.72368e-05  4.22488e-05 
  3.27414e-01  2.55276e-05  4.20822e-05 
  3.28664e-01  4.54250e-05  4.19164e-05 
  3.29915e-01  1.92091e-06  4.17523e-05 
  3.31165e-01  3.86185e-05  4.15904e-05 
  3.32416e-01  3.68588e-05  4.14313e-05 
  3.33667e-01  -3.66690e-05 4.12758e-05 
  3.34917e-01  -4.30239e-06 4.11244e-05 
  3.36168e-01  2.90835e-06  4.09775e-05 
  3.37419e-01  -1.98939e-05 4.08356e-05 
  3.38669e-01  3.70862e-05  4.06992e-05 
  3.39920e-01  -1.97230e-05 4.05686e-05 
  3.41170e-01  -1.76937e-05 4.04441e-05 
  3.42421e-01  5.12440e-05  4.03259e-05 
  3.43672e-01  2.08832e-05  4.02143e-05 
  3.44922e-01  -6.59838e-06 4.01092e-05 
  3.46173e-01  -5.90529e-05 4.00108e-05 
  3.47424e-01  -3.47014e-05 3.99191e-05 
  3.48674e-01  -6.39293e-05 3.98340e-05 
  3.49925e-01  3.73378e-05  3.97552e-05 
  3.51175e-01  3.82499e-06  3.96828e-05 
  3.52426e-01  7.23362e-06  3.96164e-05 
  3.53677e-01  8.21935e-05  3.95558e-05 
  3.54927e-01  -1.62623e-05 3.95006e-05 
  3.56178e-01  3.48746e-05  3.94504e-05 
  3.57429e-01  -4.34656e-05 3.94050e-05 
  3.58679e-01  -4.67076e-05 3.93638e-05 
  3.59930e-01  1.01128e-05  3.93264e-05 
  3.61180e-01  1.31911e-05  3.92925e-05 
  3.62431e-01  -1.14907e-06 3.92614e-05 
  3.63682e-01  -4.96044e-06 3.92327e-05 
  3.64932e-01  1.92442e-05  3.92059e-05 
  3.66183e-01  1.08303e-05  3.91806e-05 
  3.67434e-01  1.67130e-05  3.91562e-05 
  3.68684e-01  -2.29382e-05 3.91324e-05 
  3.69935e-01  2.42398e-05  3.91086e-05 
  3.71185e-01  5.25591e-05  3.90844e-05 
  3.72436e-01  1.08464e-04  3.90595e-05 
  3.73687e-01  7.55135e-05  3.90334e-05 
  3.74937e-01  8.40429e-05  3.90058e-05 
  3.76188e-01  -5.32140e-05 3.89763e-05 
  3.77439e-01  6.85401e-06  3.89447e-05 
  3.78689e-01  7.50202e-05  3.89107e-05 
  3.79940e-01  4.99830e-05  3.88741e-05 
  3.81190e-01  -1.52087e-06 3.88346e-05 
  3.82441e-01  -4.34917e-06 3.87922e-05 
  3.83692e-01  1.24961e-05  3.87467e-05 
  3.84942e-01  1.02711e-04  3.86980e-05 
  3.86193e-01  1.19629e-04  3.86461e-05 
  3.87444e-01  -1.23353e-05 3.85909e-05 
  3.88694e-01  7.43794e-05  3.85325e-05 
  3.89945e-01  2.41873e-05  3.84709e-05 
  3.91195e-01  4.50049e-05  3.84062e-05 
  3.92446e-01  6.51592e-05  3.83386e-05 
  3.93697e-01  7.40368e-05  3.82681e-05 
  3.94947e-01  6.98939e-05  3.81949e-05 
  3.96198e-01  9.51262e-05  3.81192e-05 
  3.97449e-01  9.37847e-05  3.80412e-05 
  3.98699e-01  7.56932e-05  3.79611e-05 
  3.99950e-01  8.26541e-05  3.78792e-05 
  4.01201e-01  -5.65531e-06 3.77957e-05 
  4.02451e-01  2.89125e-05  3.77109e-05 
  4.03702e-01  2.28508e-05  3.76251e-05 
  4.04952e-01  5.16066e-05  3.75385e-05 
  4.06203e-01  3.24561e-06  3.74514e-05 
  4.07454e-01  8.77744e-05  3.73641e-05 
  4.08704e-01  -2.27811e-06 3.72768e-05 
  4.09955e-01  -2.92902e-05 3.71898e-05 
  4.11206e-01  8.15037e-06  3.71035e-05 
  4.12456e-01  -9.48653e-05 3.70179e-05 
  4.13707e-01  6.01920e-05  3.69335e-05 
  4.14957e-01  5.79588e-05  3.68503e-05 
  4.16208e-01  4.91632e-05  3.67686e-05 
  4.17459e-01  7.31159e-05  3.66886e-05 
  4.18709e-01  3.87310e-05  3.66104e-05 
  4.19960e-01  3.13717e-06  3.65342e-05 
  4.21211e-01  -2.54651e-05 3.64602e-05 
  4.22461e-01  4.53612e-05  3.63883e-05 
  4.23712e-01  2.59266e-05  3.63188e-05 
  4.24962e-01  -1.10233e-05 3.62516e-05 
  4.26213e-01  6.01696e-05  3.61868e-05 
  4.27464e-01  3.33304e-05  3.61245e-05 
  4.28714e-01  -3.93140e-05 3.60645e-05 
  4.29965e-01  2.09957e-05  3.60069e-05 
  4.31216e-01  3.09406e-05  3.59516e-05 
  4.32466e-01  -1.02656e-05 3.58985e-05 
  4.33717e-01  2.78329e-05  3.58476e-05 
  4.34967e-01  -1.41771e-05 3.57987e-05 
  4.36218e-01  2.94778e-05  3.57517e-05 
  4.37469e-01  3.64260e-05  3.57065e-05 
  4.38719e-01  8.82314e-06  3.56630e-05 
  4.39970e-01  1.22208e-05  3.56208e-05 
  4.41221e-01  -2.94957e-05 3.55800e-05 
  4.42471e-01  -1.79888e-05 3.55404e-05 
  4.43722e-01  -2.42355e-05 3.55016e-05 
  4.44972e-01  4.99359e-05  3.54637e-05 
  4.46223e-01  -2.17861e-05 3.54263e-05 
  4.47474e-01  8.47312e-06  3.53893e-05 
  4.48724e-01  1.58324e-05  3.53526e-05 
  4.49975e-01  4.47957e-05  3.53159e-05 
  4.51226e-01  -1.89428e-05 3.52791e-05 
  4.52476e-01  4.97397e-05  3.52420e-05 
  4.53727e-01  1.38989e-06  3.52046e-05 
  4.54977e-01  -2.07950e-05 3.51665e-05 
  4.56228e-01  -2.19506e-05 3.51278e-05 
  4.57479e-01  2.26412e-05  3.50883e-05 
  4.58729e-01  1.01586e-05  3.50479e-05 
  4.59980e-01  8.34948e-05  3.50065e-05 
  4.61231e-01  3.65345e-05  3.49640e-05 
  4.62481e-01  5.02129e-05  3.49204e-05 
  4.63732e-01  -4.28934e-05 3.48756e-05 
  4.64982e-01  9.99718e-06  3.48297e-05 
  4.66233e-01  3.99669e-05  3.47826e-05 
  4.67484e-01  5.97010e-05  3.47342e-05 
  4.68734e-01  -2.62640e-05 3.46847e-05 
  4.69985e-01  3.99404e-05  3.46340e-05 
  4.71236e-01  -2.61837e-05 3.45821e-05 
  4.72486e-01  3.06008e-06  3.45293e-05 
  4.73737e-01  1.58205e-05  3.44754e-05 
  4.74987e-01  4.19699e-06  3.44206e-05 
  4.76238e-01  -1.21294e-05 3.43650e-05 
  4.77489e-01  2.97742e-05  3.43087e-05 
  4.78739e-01  6.05806e-05  3.42517e-05 
  4.79990e-01  5.58773e-05  3.41943e-05 
  4.81241e-01  9.11824e-05  3.41364e-05 
  4.82491e-01  2.41861e-05  3.40783e-05 
  4.83742e-01  6.52787e-05  3.40200e-05 
  4.84992e-01  3.94087e-05  3.39618e-05 
  4.86243e-01  4.67774e-05  3.39036e-05 
  4.87494e-01  -5.23886e-05 3.38456e-05 
  4.88744e-01  4.56916e-05  3.37881e-05 
  4.89995e-01  -1.17241e-05 3.37310e-05 
  4.91246e-01  -2.53257e-05 3.36745e-05 
  4.92496e-01  1.01988e-05  3.36187e-05 
  4.93747e-01  7.32961e-06  3.35637e-05 
  4.94997e-01  7.76507e-06  3.35097e-05 
  4.96248e-01  -1.63035e-05 3.34566e-05 
  4.97499e-01  -9.97963e-05 3.34046e-05 
  4.98749e-01  -3.70744e-05 3.33538e-05 
  5.00000e-01  -2.89487e-05 3.33042e-05 
