# Simulated SAS data with noise
# sigma generated using Sedlak et al, k=100000, c=0.55, https://doi.org/10.1107/S1600576717003077, and rebinned with 10 per bin)
# q            I            sigma       
  1.00000e-03  5.67168e-02  5.46334e-03 
  2.25063e-03  6.38610e-02  3.63665e-03 
  3.50125e-03  6.24744e-02  2.90850e-03 
  4.75188e-03  6.16968e-02  2.48775e-03 
  6.00251e-03  6.24351e-02  2.20324e-03 
  7.25313e-03  6.09444e-02  1.99288e-03 
  8.50376e-03  5.88127e-02  1.82801e-03 
  9.75439e-03  5.81301e-02  1.69333e-03 
  1.10050e-02  6.16315e-02  1.57986e-03 
  1.22556e-02  5.46393e-02  1.48193e-03 
  1.35063e-02  5.43306e-02  1.39576e-03 
  1.47569e-02  5.15024e-02  1.31873e-03 
  1.60075e-02  5.29507e-02  1.24898e-03 
  1.72581e-02  5.08744e-02  1.18512e-03 
  1.85088e-02  4.69657e-02  1.12611e-03 
  1.97594e-02  4.90883e-02  1.07115e-03 
  2.10100e-02  4.38521e-02  1.01961e-03 
  2.22607e-02  4.28985e-02  9.71014e-04 
  2.35113e-02  4.10121e-02  9.24955e-04 
  2.47619e-02  4.02671e-02  8.81119e-04 
  2.60125e-02  3.77121e-02  8.39250e-04 
  2.72632e-02  3.31452e-02  7.99137e-04 
  2.85138e-02  3.26368e-02  7.60607e-04 
  2.97644e-02  2.99701e-02  7.23521e-04 
  3.10150e-02  2.78020e-02  6.87761e-04 
  3.22657e-02  2.69030e-02  6.53233e-04 
  3.35163e-02  2.59071e-02  6.19860e-04 
  3.47669e-02  2.24917e-02  5.87580e-04 
  3.60175e-02  2.06630e-02  5.56345e-04 
  3.72682e-02  1.97788e-02  5.26120e-04 
  3.85188e-02  1.75159e-02  4.96877e-04 
  3.97694e-02  1.52648e-02  4.68601e-04 
  4.10201e-02  1.46311e-02  4.41286e-04 
  4.22707e-02  1.23589e-02  4.14936e-04 
  4.35213e-02  1.07387e-02  3.89562e-04 
  4.47719e-02  9.23854e-03  3.65187e-04 
  4.60226e-02  7.79739e-03  3.41845e-04 
  4.72732e-02  6.44932e-03  3.19581e-04 
  4.85238e-02  5.88912e-03  2.98451e-04 
  4.97744e-02  4.46526e-03  2.78527e-04 
  5.10251e-02  3.93564e-03  2.59895e-04 
  5.22757e-02  3.09020e-03  2.42656e-04 
  5.35263e-02  2.56427e-03  2.26928e-04 
  5.47769e-02  1.30143e-03  2.12837e-04 
  5.60276e-02  1.31825e-03  2.00518e-04 
  5.72782e-02  1.89357e-04  1.90098e-04 
  5.85288e-02  2.21497e-04  1.81687e-04 
  5.97794e-02  2.64994e-04  1.75355e-04 
  6.10301e-02  1.47930e-04  1.71115e-04 
  6.22807e-02  1.99088e-04  1.68912e-04 
  6.35313e-02  -2.35122e-05 1.68620e-04 
  6.47820e-02  8.29044e-05  1.70052e-04 
  6.60326e-02  6.52791e-04  1.72979e-04 
  6.72832e-02  4.07118e-04  1.77152e-04 
  6.85338e-02  1.11682e-03  1.82322e-04 
  6.97845e-02  1.64176e-03  1.88254e-04 
  7.10351e-02  1.96055e-03  1.94739e-04 
  7.22857e-02  2.73567e-03  2.01595e-04 
  7.35363e-02  3.52158e-03  2.08667e-04 
  7.47870e-02  4.03356e-03  2.15825e-04 
  7.60376e-02  4.70258e-03  2.22962e-04 
  7.72882e-02  5.12143e-03  2.29990e-04 
  7.85388e-02  6.16513e-03  2.36838e-04 
  7.97895e-02  6.47219e-03  2.43446e-04 
  8.10401e-02  7.10386e-03  2.49768e-04 
  8.22907e-02  7.85608e-03  2.55766e-04 
  8.35414e-02  8.78253e-03  2.61408e-04 
  8.47920e-02  9.06555e-03  2.66670e-04 
  8.60426e-02  1.06971e-02  2.71534e-04 
  8.72932e-02  1.08362e-02  2.75985e-04 
  8.85439e-02  1.18609e-02  2.80013e-04 
  8.97945e-02  1.23900e-02  2.83608e-04 
  9.10451e-02  1.35897e-02  2.86768e-04 
  9.22957e-02  1.33041e-02  2.89489e-04 
  9.35464e-02  1.35254e-02  2.91771e-04 
  9.47970e-02  1.42404e-02  2.93616e-04 
  9.60476e-02  1.49375e-02  2.95027e-04 
  9.72982e-02  1.48108e-02  2.96007e-04 
  9.85489e-02  1.52061e-02  2.96564e-04 
  9.97995e-02  1.53539e-02  2.96705e-04 
  1.01050e-01  1.61750e-02  2.96436e-04 
  1.02301e-01  1.61649e-02  2.95768e-04 
  1.03551e-01  1.57482e-02  2.94709e-04 
  1.04802e-01  1.61789e-02  2.93272e-04 
  1.06053e-01  1.60176e-02  2.91467e-04 
  1.07303e-01  1.61685e-02  2.89307e-04 
  1.08554e-01  1.63477e-02  2.86803e-04 
  1.09805e-01  1.60202e-02  2.83971e-04 
  1.11055e-01  1.59096e-02  2.80823e-04 
  1.12306e-01  1.46538e-02  2.77374e-04 
  1.13556e-01  1.48852e-02  2.73639e-04 
  1.14807e-01  1.43971e-02  2.69634e-04 
  1.16058e-01  1.40663e-02  2.65374e-04 
  1.17308e-01  1.40679e-02  2.60875e-04 
  1.18559e-01  1.34770e-02  2.56154e-04 
  1.19810e-01  1.31749e-02  2.51229e-04 
  1.21060e-01  1.23121e-02  2.46116e-04 
  1.22311e-01  1.20806e-02  2.40833e-04 
  1.23561e-01  1.13148e-02  2.35399e-04 
  1.24812e-01  1.08934e-02  2.29832e-04 
  1.26063e-01  1.03035e-02  2.24151e-04 
  1.27313e-01  9.51549e-03  2.18375e-04 
  1.28564e-01  8.98355e-03  2.12524e-04 
  1.29815e-01  8.46311e-03  2.06617e-04 
  1.31065e-01  7.66967e-03  2.00676e-04 
  1.32316e-01  7.28181e-03  1.94721e-04 
  1.33566e-01  6.97415e-03  1.88773e-04 
  1.34817e-01  6.00165e-03  1.82854e-04 
  1.36068e-01  5.45322e-03  1.76988e-04 
  1.37318e-01  5.20799e-03  1.71195e-04 
  1.38569e-01  4.28125e-03  1.65500e-04 
  1.39820e-01  4.24185e-03  1.59927e-04 
  1.41070e-01  3.37010e-03  1.54499e-04 
  1.42321e-01  3.13500e-03  1.49241e-04 
  1.43571e-01  2.38071e-03  1.44178e-04 
  1.44822e-01  2.27913e-03  1.39335e-04 
  1.46073e-01  1.81658e-03  1.34736e-04 
  1.47323e-01  1.74203e-03  1.30405e-04 
  1.48574e-01  1.38944e-03  1.26364e-04 
  1.49825e-01  9.57083e-04  1.22635e-04 
  1.51075e-01  1.01565e-03  1.19237e-04 
  1.52326e-01  6.96173e-04  1.16185e-04 
  1.53576e-01  4.92788e-04  1.13493e-04 
  1.54827e-01  1.78214e-04  1.11168e-04 
  1.56078e-01  2.61530e-04  1.09213e-04 
  1.57328e-01  4.21312e-05  1.07626e-04 
  1.58579e-01  1.90622e-04  1.06400e-04 
  1.59830e-01  -9.98527e-05 1.05523e-04 
  1.61080e-01  -2.47250e-05 1.04976e-04 
  1.62331e-01  5.55180e-05  1.04737e-04 
  1.63581e-01  2.52616e-04  1.04780e-04 
  1.64832e-01  -1.74344e-04 1.05078e-04 
  1.66083e-01  1.98613e-04  1.05600e-04 
  1.67333e-01  2.66774e-04  1.06315e-04 
  1.68584e-01  4.53980e-04  1.07191e-04 
  1.69835e-01  4.87076e-04  1.08199e-04 
  1.71085e-01  7.62218e-04  1.09309e-04 
  1.72336e-01  7.35239e-04  1.10494e-04 
  1.73586e-01  8.06213e-04  1.11728e-04 
  1.74837e-01  9.78542e-04  1.12988e-04 
  1.76088e-01  1.28877e-03  1.14251e-04 
  1.77338e-01  1.38584e-03  1.15499e-04 
  1.78589e-01  1.38477e-03  1.16715e-04 
  1.79840e-01  1.66425e-03  1.17882e-04 
  1.81090e-01  1.91659e-03  1.18988e-04 
  1.82341e-01  1.83645e-03  1.20021e-04 
  1.83591e-01  2.09238e-03  1.20972e-04 
  1.84842e-01  2.12678e-03  1.21831e-04 
  1.86093e-01  1.94756e-03  1.22593e-04 
  1.87343e-01  2.47943e-03  1.23251e-04 
  1.88594e-01  2.58525e-03  1.23801e-04 
  1.89845e-01  2.58157e-03  1.24241e-04 
  1.91095e-01  2.59732e-03  1.24567e-04 
  1.92346e-01  2.66566e-03  1.24779e-04 
  1.93596e-01  2.60200e-03  1.24876e-04 
  1.94847e-01  2.81839e-03  1.24858e-04 
  1.96098e-01  3.12037e-03  1.24728e-04 
  1.97348e-01  2.96870e-03  1.24487e-04 
  1.98599e-01  2.69596e-03  1.24136e-04 
  1.99850e-01  2.87731e-03  1.23681e-04 
  2.01100e-01  3.06152e-03  1.23123e-04 
  2.02351e-01  2.43983e-03  1.22468e-04 
  2.03602e-01  2.92174e-03  1.21720e-04 
  2.04852e-01  2.68030e-03  1.20883e-04 
  2.06103e-01  2.56739e-03  1.19964e-04 
  2.07353e-01  2.61102e-03  1.18967e-04 
  2.08604e-01  2.43808e-03  1.17900e-04 
  2.09855e-01  2.12827e-03  1.16768e-04 
  2.11105e-01  2.33807e-03  1.15577e-04 
  2.12356e-01  2.23660e-03  1.14335e-04 
  2.13607e-01  2.18247e-03  1.13049e-04 
  2.14857e-01  2.32834e-03  1.11725e-04 
  2.16108e-01  1.89782e-03  1.10371e-04 
  2.17358e-01  1.75172e-03  1.08993e-04 
  2.18609e-01  1.76827e-03  1.07600e-04 
  2.19860e-01  1.64032e-03  1.06199e-04 
  2.21110e-01  1.44305e-03  1.04796e-04 
  2.22361e-01  1.31674e-03  1.03398e-04 
  2.23612e-01  1.31858e-03  1.02014e-04 
  2.24862e-01  1.02872e-03  1.00649e-04 
  2.26113e-01  1.15445e-03  9.93099e-05 
  2.27363e-01  9.56685e-04  9.80035e-05 
  2.28614e-01  8.26703e-04  9.67353e-05 
  2.29865e-01  9.59907e-04  9.55109e-05 
  2.31115e-01  7.78048e-04  9.43355e-05 
  2.32366e-01  5.27099e-04  9.32136e-05 
  2.33617e-01  4.82444e-04  9.21494e-05 
  2.34867e-01  4.39413e-04  9.11462e-05 
  2.36118e-01  3.18140e-04  9.02070e-05 
  2.37368e-01  1.26079e-04  8.93340e-05 
  2.38619e-01  1.23123e-04  8.85287e-05 
  2.39870e-01  1.08474e-05  8.77922e-05 
  2.41120e-01  1.38831e-04  8.71245e-05 
  2.42371e-01  4.75865e-05  8.65253e-05 
  2.43622e-01  -2.80739e-06 8.59935e-05 
  2.44872e-01  -1.30285e-04 8.55273e-05 
  2.46123e-01  7.51470e-05  8.51247e-05 
  2.47373e-01  2.29949e-04  8.47827e-05 
  2.48624e-01  -5.02026e-05 8.44982e-05 
  2.49875e-01  -1.00362e-04 8.42676e-05 
  2.51125e-01  1.21291e-06  8.40869e-05 
  2.52376e-01  -1.35366e-07 8.39519e-05 
  2.53627e-01  -6.09033e-05 8.38582e-05 
  2.54877e-01  5.17611e-05  8.38012e-05 
  2.56128e-01  4.09499e-05  8.37764e-05 
  2.57378e-01  3.48776e-05  8.37791e-05 
  2.58629e-01  9.80397e-05  8.38048e-05 
  2.59880e-01  1.89402e-04  8.38490e-05 
  2.61130e-01  4.80306e-05  8.39073e-05 
  2.62381e-01  1.73947e-04  8.39756e-05 
  2.63632e-01  2.42906e-04  8.40499e-05 
  2.64882e-01  1.81614e-04  8.41266e-05 
  2.66133e-01  2.02032e-04  8.42022e-05 
  2.67383e-01  3.24140e-04  8.42734e-05 
  2.68634e-01  3.69016e-04  8.43374e-05 
  2.69885e-01  2.45816e-04  8.43915e-05 
  2.71135e-01  3.51745e-04  8.44335e-05 
  2.72386e-01  3.65921e-04  8.44612e-05 
  2.73637e-01  3.04100e-04  8.44729e-05 
  2.74887e-01  4.66569e-04  8.44671e-05 
  2.76138e-01  5.39687e-04  8.44426e-05 
  2.77388e-01  4.12148e-04  8.43986e-05 
  2.78639e-01  3.77488e-04  8.43343e-05 
  2.79890e-01  4.39839e-04  8.42493e-05 
  2.81140e-01  4.91410e-04  8.41433e-05 
  2.82391e-01  5.62357e-04  8.40165e-05 
  2.83642e-01  5.06099e-04  8.38689e-05 
  2.84892e-01  3.36021e-04  8.37011e-05 
  2.86143e-01  4.45487e-04  8.35136e-05 
  2.87393e-01  5.53923e-04  8.33072e-05 
  2.88644e-01  4.09864e-04  8.30826e-05 
  2.89895e-01  5.39658e-04  8.28410e-05 
  2.91145e-01  4.38104e-04  8.25834e-05 
  2.92396e-01  2.68526e-04  8.23112e-05 
  2.93647e-01  5.40941e-04  8.20254e-05 
  2.94897e-01  5.22352e-04  8.17276e-05 
  2.96148e-01  4.03561e-04  8.14191e-05 
  2.97398e-01  4.20056e-04  8.11014e-05 
  2.98649e-01  3.64013e-04  8.07760e-05 
  2.99900e-01  4.11892e-04  8.04442e-05 
  3.01150e-01  2.27694e-04  8.01077e-05 
  3.02401e-01  3.85002e-04  7.97678e-05 
  3.03652e-01  3.50374e-04  7.94260e-05 
  3.04902e-01  1.00382e-04  7.90836e-05 
  3.06153e-01  3.18837e-04  7.87420e-05 
  3.07404e-01  3.11933e-04  7.84024e-05 
  3.08654e-01  2.38139e-04  7.80661e-05 
  3.09905e-01  2.62751e-04  7.77341e-05 
  3.11155e-01  1.43027e-04  7.74074e-05 
  3.12406e-01  2.06312e-04  7.70871e-05 
  3.13657e-01  9.08262e-05  7.67739e-05 
  3.14907e-01  6.96376e-05  7.64686e-05 
  3.16158e-01  5.36357e-05  7.61719e-05 
  3.17409e-01  5.52773e-05  7.58842e-05 
  3.18659e-01  8.74751e-05  7.56060e-05 
  3.19910e-01  3.29116e-05  7.53376e-05 
  3.21160e-01  5.83430e-05  7.50793e-05 
  3.22411e-01  1.92593e-04  7.48312e-05 
  3.23662e-01  7.43985e-05  7.45933e-05 
  3.24912e-01  6.57757e-05  7.43657e-05 
  3.26163e-01  4.42195e-05  7.41481e-05 
  3.27414e-01  3.89554e-05  7.39404e-05 
  3.28664e-01  1.59495e-04  7.37423e-05 
  3.29915e-01  4.31491e-05  7.35534e-05 
  3.31165e-01  8.08780e-05  7.33735e-05 
  3.32416e-01  -5.78048e-05 7.32020e-05 
  3.33667e-01  1.52486e-04  7.30384e-05 
  3.34917e-01  6.88470e-05  7.28823e-05 
  3.36168e-01  9.29615e-05  7.27331e-05 
  3.37419e-01  -1.44341e-05 7.25903e-05 
  3.38669e-01  5.33188e-05  7.24533e-05 
  3.39920e-01  3.79580e-05  7.23215e-05 
  3.41170e-01  -1.51918e-04 7.21944e-05 
  3.42421e-01  -5.06741e-05 7.20715e-05 
  3.43672e-01  6.43119e-05  7.19521e-05 
  3.44922e-01  3.03800e-05  7.18358e-05 
  3.46173e-01  1.01493e-04  7.17220e-05 
  3.47424e-01  1.94955e-05  7.16103e-05 
  3.48674e-01  3.19732e-05  7.15003e-05 
  3.49925e-01  4.45079e-06  7.13915e-05 
  3.51175e-01  -5.57609e-05 7.12835e-05 
  3.52426e-01  -3.65056e-05 7.11760e-05 
  3.53677e-01  7.14442e-05  7.10688e-05 
  3.54927e-01  1.41163e-04  7.09614e-05 
  3.56178e-01  1.26407e-04  7.08537e-05 
  3.57429e-01  3.91688e-05  7.07454e-05 
  3.58679e-01  3.41475e-05  7.06365e-05 
  3.59930e-01  9.03157e-05  7.05267e-05 
  3.61180e-01  -5.97059e-05 7.04160e-05 
  3.62431e-01  5.69209e-05  7.03042e-05 
  3.63682e-01  2.15822e-06  7.01914e-05 
  3.64932e-01  -4.50358e-05 7.00775e-05 
  3.66183e-01  -1.96833e-06 6.99626e-05 
  3.67434e-01  3.79901e-05  6.98466e-05 
  3.68684e-01  2.90865e-05  6.97295e-05 
  3.69935e-01  -2.12266e-05 6.96116e-05 
  3.71185e-01  -5.41846e-05 6.94928e-05 
  3.72436e-01  -4.62734e-05 6.93732e-05 
  3.73687e-01  8.46732e-05  6.92529e-05 
  3.74937e-01  6.04337e-05  6.91321e-05 
  3.76188e-01  1.15193e-04  6.90108e-05 
  3.77439e-01  -2.50814e-05 6.88892e-05 
  3.78689e-01  -2.25513e-05 6.87674e-05 
  3.79940e-01  1.42320e-04  6.86454e-05 
  3.81190e-01  1.13987e-04  6.85235e-05 
  3.82441e-01  2.32189e-05  6.84017e-05 
  3.83692e-01  5.95300e-05  6.82801e-05 
  3.84942e-01  5.55372e-05  6.81588e-05 
  3.86193e-01  7.58672e-05  6.80379e-05 
  3.87444e-01  5.89780e-05  6.79175e-05 
  3.88694e-01  -6.40818e-05 6.77977e-05 
  3.89945e-01  -1.66634e-05 6.76786e-05 
  3.91195e-01  2.06326e-05  6.75601e-05 
  3.92446e-01  -6.67941e-05 6.74424e-05 
  3.93697e-01  1.52963e-04  6.73255e-05 
  3.94947e-01  5.44224e-05  6.72095e-05 
  3.96198e-01  1.22022e-04  6.70943e-05 
  3.97449e-01  -4.62397e-06 6.69800e-05 
  3.98699e-01  6.68931e-05  6.68666e-05 
  3.99950e-01  -5.09556e-05 6.67541e-05 
  4.01201e-01  1.40583e-04  6.66425e-05 
  4.02451e-01  8.53364e-05  6.65318e-05 
  4.03702e-01  7.51597e-05  6.64220e-05 
  4.04952e-01  7.51951e-05  6.63131e-05 
  4.06203e-01  -6.51700e-05 6.62050e-05 
  4.07454e-01  -9.87401e-05 6.60979e-05 
  4.08704e-01  1.79305e-05  6.59915e-05 
  4.09955e-01  -4.17038e-05 6.58859e-05 
  4.11206e-01  -3.71900e-05 6.57812e-05 
  4.12456e-01  1.47779e-04  6.56772e-05 
  4.13707e-01  1.76577e-05  6.55740e-05 
  4.14957e-01  -4.29771e-05 6.54715e-05 
  4.16208e-01  -1.59330e-04 6.53697e-05 
  4.17459e-01  2.09971e-05  6.52686e-05 
  4.18709e-01  -1.45201e-04 6.51682e-05 
  4.19960e-01  -4.71788e-05 6.50684e-05 
  4.21211e-01  -1.32590e-04 6.49693e-05 
  4.22461e-01  -1.62015e-04 6.48709e-05 
  4.23712e-01  -1.95410e-04 6.47730e-05 
  4.24962e-01  2.44161e-05  6.46758e-05 
  4.26213e-01  2.76741e-06  6.45792e-05 
  4.27464e-01  -9.60976e-05 6.44832e-05 
  4.28714e-01  5.71866e-05  6.43878e-05 
  4.29965e-01  1.81238e-05  6.42930e-05 
  4.31216e-01  -9.12295e-06 6.41988e-05 
  4.32466e-01  9.33722e-05  6.41051e-05 
  4.33717e-01  6.07086e-05  6.40121e-05 
  4.34967e-01  7.14369e-06  6.39196e-05 
  4.36218e-01  -9.63654e-05 6.38276e-05 
  4.37469e-01  7.11904e-05  6.37363e-05 
  4.38719e-01  -1.10213e-04 6.36454e-05 
  4.39970e-01  -8.67858e-06 6.35551e-05 
  4.41221e-01  1.36312e-05  6.34653e-05 
  4.42471e-01  -4.66178e-05 6.33760e-05 
  4.43722e-01  1.34649e-04  6.32872e-05 
  4.44972e-01  -1.69049e-05 6.31989e-05 
  4.46223e-01  2.26583e-05  6.31110e-05 
  4.47474e-01  4.15033e-05  6.30236e-05 
  4.48724e-01  4.66065e-05  6.29366e-05 
  4.49975e-01  -4.92926e-05 6.28499e-05 
  4.51226e-01  -9.71924e-05 6.27637e-05 
  4.52476e-01  -1.06862e-04 6.26777e-05 
  4.53727e-01  9.02717e-05  6.25921e-05 
  4.54977e-01  4.67711e-05  6.25068e-05 
  4.56228e-01  1.92728e-05  6.24217e-05 
  4.57479e-01  -1.65132e-05 6.23369e-05 
  4.58729e-01  2.41513e-05  6.22523e-05 
  4.59980e-01  -1.15281e-04 6.21679e-05 
  4.61231e-01  -6.95477e-05 6.20837e-05 
  4.62481e-01  -2.89773e-05 6.19996e-05 
  4.63732e-01  2.50424e-05  6.19157e-05 
  4.64982e-01  -1.80225e-05 6.18319e-05 
  4.66233e-01  -7.75682e-05 6.17483e-05 
  4.67484e-01  -6.89871e-05 6.16648e-05 
  4.68734e-01  2.66473e-06  6.15814e-05 
  4.69985e-01  4.08584e-05  6.14982e-05 
  4.71236e-01  -2.24365e-05 6.14151e-05 
  4.72486e-01  -3.85457e-05 6.13321e-05 
  4.73737e-01  -7.91101e-05 6.12493e-05 
  4.74987e-01  -1.79001e-05 6.11667e-05 
  4.76238e-01  -4.95941e-06 6.10842e-05 
  4.77489e-01  -6.23845e-08 6.10020e-05 
  4.78739e-01  4.07567e-05  6.09201e-05 
  4.79990e-01  -3.66019e-05 6.08384e-05 
  4.81241e-01  1.00222e-05  6.07571e-05 
  4.82491e-01  8.10884e-06  6.06761e-05 
  4.83742e-01  -3.67012e-05 6.05956e-05 
  4.84992e-01  9.50465e-05  6.05155e-05 
  4.86243e-01  1.71085e-05  6.04358e-05 
  4.87494e-01  -1.90901e-05 6.03567e-05 
  4.88744e-01  -1.93958e-05 6.02782e-05 
  4.89995e-01  -7.28724e-05 6.02003e-05 
  4.91246e-01  1.57121e-05  6.01231e-05 
  4.92496e-01  1.00623e-05  6.00465e-05 
  4.93747e-01  6.02724e-05  5.99707e-05 
  4.94997e-01  -8.71987e-05 5.98957e-05 
  4.96248e-01  8.87455e-05  5.98214e-05 
  4.97499e-01  -2.41035e-05 5.97480e-05 
  4.98749e-01  -1.73688e-05 5.96754e-05 
  5.00000e-01  8.17105e-05  5.96037e-05 
