# Simulated SAS data with noise
# sigma generated using Sedlak et al, k=100000, c=0.55, https://doi.org/10.1107/S1600576717003077, and rebinned with 10 per bin)
# q            I            sigma       
  1.00000e-03  1.13528e-02  2.63382e-03 
  2.25063e-03  1.30310e-02  1.75715e-03 
  3.50125e-03  1.14785e-02  1.41095e-03 
  4.75188e-03  1.01847e-02  1.21377e-03 
  6.00251e-03  1.31638e-02  1.08300e-03 
  7.25313e-03  1.29582e-02  9.88637e-04 
  8.50376e-03  1.02666e-02  9.16788e-04 
  9.75439e-03  1.26604e-02  8.60032e-04 
  1.10050e-02  1.13794e-02  8.13986e-04 
  1.22556e-02  1.30796e-02  7.75874e-04 
  1.35063e-02  1.23975e-02  7.43840e-04 
  1.47569e-02  1.29681e-02  7.16585e-04 
  1.60075e-02  1.30215e-02  6.93173e-04 
  1.72581e-02  1.23881e-02  6.72905e-04 
  1.85088e-02  1.32600e-02  6.55250e-04 
  1.97594e-02  1.26655e-02  6.39791e-04 
  2.10100e-02  1.38290e-02  6.26199e-04 
  2.22607e-02  1.47229e-02  6.14210e-04 
  2.35113e-02  1.54841e-02  6.03605e-04 
  2.47619e-02  1.52621e-02  5.94203e-04 
  2.60125e-02  1.52940e-02  5.85853e-04 
  2.72632e-02  1.53385e-02  5.78426e-04 
  2.85138e-02  1.68119e-02  5.71812e-04 
  2.97644e-02  1.69396e-02  5.65915e-04 
  3.10150e-02  1.72818e-02  5.60652e-04 
  3.22657e-02  1.82168e-02  5.55949e-04 
  3.35163e-02  1.83147e-02  5.51740e-04 
  3.47669e-02  2.03845e-02  5.47969e-04 
  3.60175e-02  1.92673e-02  5.44582e-04 
  3.72682e-02  2.03267e-02  5.41533e-04 
  3.85188e-02  2.17474e-02  5.38778e-04 
  3.97694e-02  2.16016e-02  5.36278e-04 
  4.10201e-02  2.18228e-02  5.33999e-04 
  4.22707e-02  2.23833e-02  5.31906e-04 
  4.35213e-02  2.25071e-02  5.29970e-04 
  4.47719e-02  2.33783e-02  5.28162e-04 
  4.60226e-02  2.40582e-02  5.26457e-04 
  4.72732e-02  2.57141e-02  5.24830e-04 
  4.85238e-02  2.50681e-02  5.23259e-04 
  4.97744e-02  2.56456e-02  5.21723e-04 
  5.10251e-02  2.79899e-02  5.20203e-04 
  5.22757e-02  2.71404e-02  5.18680e-04 
  5.35263e-02  2.73961e-02  5.17137e-04 
  5.47769e-02  2.85575e-02  5.15559e-04 
  5.60276e-02  2.86304e-02  5.13931e-04 
  5.72782e-02  2.93722e-02  5.12238e-04 
  5.85288e-02  2.97777e-02  5.10470e-04 
  5.97794e-02  2.94019e-02  5.08612e-04 
  6.10301e-02  3.01410e-02  5.06655e-04 
  6.22807e-02  3.10604e-02  5.04589e-04 
  6.35313e-02  3.17219e-02  5.02403e-04 
  6.47820e-02  3.14636e-02  5.00091e-04 
  6.60326e-02  3.23928e-02  4.97643e-04 
  6.72832e-02  3.24074e-02  4.95053e-04 
  6.85338e-02  3.24777e-02  4.92314e-04 
  6.97845e-02  3.39994e-02  4.89422e-04 
  7.10351e-02  3.28931e-02  4.86370e-04 
  7.22857e-02  3.39000e-02  4.83155e-04 
  7.35363e-02  3.42595e-02  4.79773e-04 
  7.47870e-02  3.30167e-02  4.76222e-04 
  7.60376e-02  3.40325e-02  4.72497e-04 
  7.72882e-02  3.32846e-02  4.68599e-04 
  7.85388e-02  3.44814e-02  4.64524e-04 
  7.97895e-02  3.38181e-02  4.60274e-04 
  8.10401e-02  3.35191e-02  4.55847e-04 
  8.22907e-02  3.29244e-02  4.51245e-04 
  8.35414e-02  3.31709e-02  4.46467e-04 
  8.47920e-02  3.32161e-02  4.41516e-04 
  8.60426e-02  3.30541e-02  4.36393e-04 
  8.72932e-02  3.18294e-02  4.31101e-04 
  8.85439e-02  3.27186e-02  4.25643e-04 
  8.97945e-02  3.13470e-02  4.20021e-04 
  9.10451e-02  3.05286e-02  4.14241e-04 
  9.22957e-02  3.04876e-02  4.08305e-04 
  9.35464e-02  2.95918e-02  4.02220e-04 
  9.47970e-02  2.90073e-02  3.95989e-04 
  9.60476e-02  2.86536e-02  3.89619e-04 
  9.72982e-02  2.79851e-02  3.83116e-04 
  9.85489e-02  2.71083e-02  3.76485e-04 
  9.97995e-02  2.70392e-02  3.69733e-04 
  1.01050e-01  2.54160e-02  3.62867e-04 
  1.02301e-01  2.47003e-02  3.55896e-04 
  1.03551e-01  2.39592e-02  3.48826e-04 
  1.04802e-01  2.33399e-02  3.41665e-04 
  1.06053e-01  2.23086e-02  3.34422e-04 
  1.07303e-01  2.12215e-02  3.27106e-04 
  1.08554e-01  2.07920e-02  3.19725e-04 
  1.09805e-01  1.97841e-02  3.12290e-04 
  1.11055e-01  1.86115e-02  3.04809e-04 
  1.12306e-01  1.79327e-02  2.97293e-04 
  1.13556e-01  1.68626e-02  2.89751e-04 
  1.14807e-01  1.60183e-02  2.82196e-04 
  1.16058e-01  1.49850e-02  2.74637e-04 
  1.17308e-01  1.46888e-02  2.67085e-04 
  1.18559e-01  1.37476e-02  2.59553e-04 
  1.19810e-01  1.30458e-02  2.52052e-04 
  1.21060e-01  1.17212e-02  2.44594e-04 
  1.22311e-01  1.11153e-02  2.37192e-04 
  1.23561e-01  1.02610e-02  2.29859e-04 
  1.24812e-01  9.41581e-03  2.22609e-04 
  1.26063e-01  8.84456e-03  2.15454e-04 
  1.27313e-01  7.80504e-03  2.08410e-04 
  1.28564e-01  7.25463e-03  2.01490e-04 
  1.29815e-01  6.91427e-03  1.94710e-04 
  1.31065e-01  5.83208e-03  1.88086e-04 
  1.32316e-01  5.34400e-03  1.81632e-04 
  1.33566e-01  4.82170e-03  1.75366e-04 
  1.34817e-01  4.23550e-03  1.69303e-04 
  1.36068e-01  3.90656e-03  1.63461e-04 
  1.37318e-01  3.17053e-03  1.57857e-04 
  1.38569e-01  2.92133e-03  1.52507e-04 
  1.39820e-01  2.42992e-03  1.47429e-04 
  1.41070e-01  2.08799e-03  1.42638e-04 
  1.42321e-01  1.66684e-03  1.38150e-04 
  1.43571e-01  1.60154e-03  1.33979e-04 
  1.44822e-01  1.23290e-03  1.30139e-04 
  1.46073e-01  9.40595e-04  1.26640e-04 
  1.47323e-01  6.41751e-04  1.23490e-04 
  1.48574e-01  5.87864e-04  1.20695e-04 
  1.49825e-01  3.26149e-04  1.18257e-04 
  1.51075e-01  4.55857e-04  1.16173e-04 
  1.52326e-01  1.34330e-04  1.14438e-04 
  1.53576e-01  1.25642e-04  1.13042e-04 
  1.54827e-01  -1.12559e-04 1.11971e-04 
  1.56078e-01  -3.16596e-04 1.11209e-04 
  1.57328e-01  1.48961e-04  1.10735e-04 
  1.58579e-01  7.84257e-05  1.10526e-04 
  1.59830e-01  1.23384e-04  1.10557e-04 
  1.61080e-01  6.35886e-05  1.10803e-04 
  1.62331e-01  3.45618e-04  1.11237e-04 
  1.63581e-01  4.05971e-04  1.11832e-04 
  1.64832e-01  5.23725e-04  1.12562e-04 
  1.66083e-01  6.33703e-04  1.13402e-04 
  1.67333e-01  6.13434e-04  1.14328e-04 
  1.68584e-01  5.41589e-04  1.15318e-04 
  1.69835e-01  8.72528e-04  1.16350e-04 
  1.71085e-01  9.44235e-04  1.17406e-04 
  1.72336e-01  1.16787e-03  1.18467e-04 
  1.73586e-01  1.22473e-03  1.19518e-04 
  1.74837e-01  1.45564e-03  1.20545e-04 
  1.76088e-01  1.21962e-03  1.21536e-04 
  1.77338e-01  1.52416e-03  1.22479e-04 
  1.78589e-01  1.92123e-03  1.23364e-04 
  1.79840e-01  1.81105e-03  1.24184e-04 
  1.81090e-01  2.04555e-03  1.24932e-04 
  1.82341e-01  1.97665e-03  1.25600e-04 
  1.83591e-01  2.24600e-03  1.26186e-04 
  1.84842e-01  2.27034e-03  1.26683e-04 
  1.86093e-01  2.41530e-03  1.27091e-04 
  1.87343e-01  2.49062e-03  1.27406e-04 
  1.88594e-01  2.60419e-03  1.27627e-04 
  1.89845e-01  2.71447e-03  1.27754e-04 
  1.91095e-01  2.89343e-03  1.27785e-04 
  1.92346e-01  2.68117e-03  1.27723e-04 
  1.93596e-01  2.96229e-03  1.27567e-04 
  1.94847e-01  2.65568e-03  1.27320e-04 
  1.96098e-01  2.65556e-03  1.26984e-04 
  1.97348e-01  2.83373e-03  1.26560e-04 
  1.98599e-01  2.67001e-03  1.26052e-04 
  1.99850e-01  2.55146e-03  1.25464e-04 
  2.01100e-01  2.74326e-03  1.24798e-04 
  2.02351e-01  2.61609e-03  1.24058e-04 
  2.03602e-01  2.65026e-03  1.23249e-04 
  2.04852e-01  2.80738e-03  1.22374e-04 
  2.06103e-01  2.51049e-03  1.21440e-04 
  2.07353e-01  2.31481e-03  1.20449e-04 
  2.08604e-01  2.41840e-03  1.19408e-04 
  2.09855e-01  2.24683e-03  1.18320e-04 
  2.11105e-01  2.20040e-03  1.17193e-04 
  2.12356e-01  2.17678e-03  1.16030e-04 
  2.13607e-01  1.78445e-03  1.14837e-04 
  2.14857e-01  2.03417e-03  1.13619e-04 
  2.16108e-01  1.95559e-03  1.12383e-04 
  2.17358e-01  1.78672e-03  1.11133e-04 
  2.18609e-01  1.53733e-03  1.09875e-04 
  2.19860e-01  1.46849e-03  1.08615e-04 
  2.21110e-01  1.42008e-03  1.07357e-04 
  2.22361e-01  1.37856e-03  1.06107e-04 
  2.23612e-01  1.21209e-03  1.04869e-04 
  2.24862e-01  1.10168e-03  1.03649e-04 
  2.26113e-01  1.05387e-03  1.02452e-04 
  2.27363e-01  8.47111e-04  1.01282e-04 
  2.28614e-01  7.70730e-04  1.00142e-04 
  2.29865e-01  7.14025e-04  9.90376e-05 
  2.31115e-01  5.85717e-04  9.79716e-05 
  2.32366e-01  6.62262e-04  9.69474e-05 
  2.33617e-01  3.86426e-04  9.59679e-05 
  2.34867e-01  5.99574e-04  9.50356e-05 
  2.36118e-01  2.58034e-04  9.41526e-05 
  2.37368e-01  4.12703e-04  9.33206e-05 
  2.38619e-01  2.20924e-04  9.25408e-05 
  2.39870e-01  1.76025e-04  9.18141e-05 
  2.41120e-01  1.36349e-04  9.11408e-05 
  2.42371e-01  2.80863e-04  9.05209e-05 
  2.43622e-01  1.36623e-04  8.99540e-05 
  2.44872e-01  -3.26788e-05 8.94392e-05 
  2.46123e-01  2.60496e-04  8.89752e-05 
  2.47373e-01  3.57120e-05  8.85606e-05 
  2.48624e-01  -1.31816e-04 8.81934e-05 
  2.49875e-01  -6.45308e-05 8.78715e-05 
  2.51125e-01  -2.28260e-05 8.75923e-05 
  2.52376e-01  -1.12115e-04 8.73533e-05 
  2.53627e-01  -9.43134e-05 8.71516e-05 
  2.54877e-01  2.13884e-04  8.69843e-05 
  2.56128e-01  3.19056e-05  8.68483e-05 
  2.57378e-01  -3.62593e-05 8.67404e-05 
  2.58629e-01  -6.12763e-05 8.66575e-05 
  2.59880e-01  -6.33838e-06 8.65964e-05 
  2.61130e-01  7.83061e-05  8.65540e-05 
  2.62381e-01  1.73733e-06  8.65273e-05 
  2.63632e-01  7.19367e-05  8.65132e-05 
  2.64882e-01  7.62964e-05  8.65089e-05 
  2.66133e-01  3.39875e-04  8.65116e-05 
  2.67383e-01  2.64808e-04  8.65188e-05 
  2.68634e-01  3.01559e-04  8.65279e-05 
  2.69885e-01  1.91161e-04  8.65367e-05 
  2.71135e-01  1.17453e-04  8.65430e-05 
  2.72386e-01  3.36226e-04  8.65450e-05 
  2.73637e-01  8.26969e-05  8.65409e-05 
  2.74887e-01  2.84782e-04  8.65290e-05 
  2.76138e-01  3.39522e-04  8.65080e-05 
  2.77388e-01  1.72701e-04  8.64767e-05 
  2.78639e-01  4.05356e-04  8.64341e-05 
  2.79890e-01  2.46089e-04  8.63792e-05 
  2.81140e-01  3.79397e-04  8.63113e-05 
  2.82391e-01  4.09715e-04  8.62300e-05 
  2.83642e-01  4.87441e-04  8.61349e-05 
  2.84892e-01  3.61135e-04  8.60256e-05 
  2.86143e-01  3.66165e-04  8.59021e-05 
  2.87393e-01  3.32105e-04  8.57644e-05 
  2.88644e-01  3.49355e-04  8.56126e-05 
  2.89895e-01  4.11280e-04  8.54471e-05 
  2.91145e-01  5.03768e-04  8.52682e-05 
  2.92396e-01  3.54458e-04  8.50762e-05 
  2.93647e-01  4.57188e-04  8.48719e-05 
  2.94897e-01  4.41298e-04  8.46557e-05 
  2.96148e-01  3.10451e-04  8.44284e-05 
  2.97398e-01  2.83853e-04  8.41908e-05 
  2.98649e-01  4.34514e-04  8.39435e-05 
  2.99900e-01  4.13761e-04  8.36874e-05 
  3.01150e-01  4.26330e-04  8.34235e-05 
  3.02401e-01  4.75372e-04  8.31525e-05 
  3.03652e-01  3.33682e-04  8.28753e-05 
  3.04902e-01  1.22178e-04  8.25930e-05 
  3.06153e-01  4.27905e-04  8.23064e-05 
  3.07404e-01  3.00495e-04  8.20163e-05 
  3.08654e-01  3.06600e-04  8.17238e-05 
  3.09905e-01  3.15727e-04  8.14296e-05 
  3.11155e-01  2.46318e-04  8.11346e-05 
  3.12406e-01  1.79094e-04  8.08397e-05 
  3.13657e-01  3.48815e-04  8.05455e-05 
  3.14907e-01  2.40382e-04  8.02529e-05 
  3.16158e-01  1.78122e-04  7.99626e-05 
  3.17409e-01  2.37750e-04  7.96752e-05 
  3.18659e-01  1.20751e-04  7.93914e-05 
  3.19910e-01  1.62709e-04  7.91116e-05 
  3.21160e-01  1.41005e-04  7.88365e-05 
  3.22411e-01  1.74745e-04  7.85664e-05 
  3.23662e-01  2.91603e-04  7.83017e-05 
  3.24912e-01  -5.10125e-06 7.80429e-05 
  3.26163e-01  1.52836e-04  7.77902e-05 
  3.27414e-01  1.54693e-04  7.75438e-05 
  3.28664e-01  1.09821e-04  7.73040e-05 
  3.29915e-01  2.08526e-04  7.70708e-05 
  3.31165e-01  7.82911e-05  7.68444e-05 
  3.32416e-01  9.53576e-05  7.66248e-05 
  3.33667e-01  -6.44188e-05 7.64120e-05 
  3.34917e-01  -3.58047e-05 7.62060e-05 
  3.36168e-01  1.68375e-04  7.60067e-05 
  3.37419e-01  1.75295e-05  7.58139e-05 
  3.38669e-01  2.32280e-05  7.56276e-05 
  3.39920e-01  6.11579e-05  7.54475e-05 
  3.41170e-01  2.68122e-05  7.52734e-05 
  3.42421e-01  8.48034e-05  7.51052e-05 
  3.43672e-01  1.66446e-04  7.49426e-05 
  3.44922e-01  3.19329e-05  7.47852e-05 
  3.46173e-01  -4.27293e-05 7.46329e-05 
  3.47424e-01  -2.11748e-04 7.44854e-05 
  3.48674e-01  2.53828e-05  7.43424e-05 
  3.49925e-01  -6.02341e-06 7.42035e-05 
  3.51175e-01  -1.76875e-05 7.40686e-05 
  3.52426e-01  -3.40468e-05 7.39372e-05 
  3.53677e-01  6.05320e-05  7.38092e-05 
  3.54927e-01  -1.03218e-04 7.36841e-05 
  3.56178e-01  3.51226e-05  7.35619e-05 
  3.57429e-01  1.21187e-04  7.34421e-05 
  3.58679e-01  5.91740e-06  7.33245e-05 
  3.59930e-01  3.33512e-05  7.32089e-05 
  3.61180e-01  -6.88419e-05 7.30950e-05 
  3.62431e-01  -7.56918e-05 7.29826e-05 
  3.63682e-01  -5.62680e-06 7.28715e-05 
  3.64932e-01  -2.54188e-05 7.27615e-05 
  3.66183e-01  -6.26401e-05 7.26525e-05 
  3.67434e-01  9.54703e-05  7.25442e-05 
  3.68684e-01  -9.85031e-05 7.24365e-05 
  3.69935e-01  -4.82086e-05 7.23292e-05 
  3.71185e-01  9.40714e-05  7.22223e-05 
  3.72436e-01  7.89235e-05  7.21156e-05 
  3.73687e-01  4.26912e-05  7.20090e-05 
  3.74937e-01  8.50079e-05  7.19025e-05 
  3.76188e-01  9.52557e-05  7.17959e-05 
  3.77439e-01  5.54989e-05  7.16892e-05 
  3.78689e-01  4.40898e-05  7.15823e-05 
  3.79940e-01  6.50724e-05  7.14753e-05 
  3.81190e-01  7.67010e-05  7.13680e-05 
  3.82441e-01  2.21148e-04  7.12604e-05 
  3.83692e-01  -1.09686e-04 7.11526e-05 
  3.84942e-01  -2.23938e-05 7.10445e-05 
  3.86193e-01  5.40856e-05  7.09362e-05 
  3.87444e-01  -1.17915e-04 7.08275e-05 
  3.88694e-01  7.67211e-05  7.07186e-05 
  3.89945e-01  1.21295e-04  7.06094e-05 
  3.91195e-01  -4.20299e-05 7.05000e-05 
  3.92446e-01  -1.10232e-05 7.03903e-05 
  3.93697e-01  -4.57655e-05 7.02805e-05 
  3.94947e-01  4.52437e-05  7.01705e-05 
  3.96198e-01  -2.45186e-05 7.00603e-05 
  3.97449e-01  5.07022e-05  6.99501e-05 
  3.98699e-01  1.72752e-04  6.98397e-05 
  3.99950e-01  -2.33290e-05 6.97293e-05 
  4.01201e-01  5.00661e-06  6.96188e-05 
  4.02451e-01  7.41232e-05  6.95084e-05 
  4.03702e-01  1.19565e-04  6.93980e-05 
  4.04952e-01  -1.30166e-05 6.92877e-05 
  4.06203e-01  -4.62579e-05 6.91774e-05 
  4.07454e-01  -6.07914e-05 6.90673e-05 
  4.08704e-01  1.39350e-04  6.89573e-05 
  4.09955e-01  6.41497e-05  6.88474e-05 
  4.11206e-01  -3.29084e-05 6.87378e-05 
  4.12456e-01  1.24037e-04  6.86284e-05 
  4.13707e-01  8.05847e-05  6.85191e-05 
  4.14957e-01  -3.24413e-05 6.84102e-05 
  4.16208e-01  1.70606e-05  6.83015e-05 
  4.17459e-01  1.47957e-05  6.81931e-05 
  4.18709e-01  9.60496e-05  6.80850e-05 
  4.19960e-01  -9.77679e-05 6.79771e-05 
  4.21211e-01  -4.51439e-05 6.78697e-05 
  4.22461e-01  1.57723e-05  6.77625e-05 
  4.23712e-01  -3.15277e-05 6.76557e-05 
  4.24962e-01  1.70014e-05  6.75492e-05 
  4.26213e-01  4.25613e-05  6.74431e-05 
  4.27464e-01  1.74072e-04  6.73374e-05 
  4.28714e-01  4.75330e-05  6.72320e-05 
  4.29965e-01  1.85152e-05  6.71270e-05 
  4.31216e-01  1.05861e-04  6.70224e-05 
  4.32466e-01  1.80440e-05  6.69182e-05 
  4.33717e-01  -6.30029e-05 6.68144e-05 
  4.34967e-01  7.22779e-05  6.67109e-05 
  4.36218e-01  1.74123e-06  6.66079e-05 
  4.37469e-01  7.91714e-05  6.65053e-05 
  4.38719e-01  1.88826e-05  6.64031e-05 
  4.39970e-01  -2.59289e-05 6.63013e-05 
  4.41221e-01  1.67078e-04  6.62000e-05 
  4.42471e-01  -5.46042e-05 6.60991e-05 
  4.43722e-01  9.26489e-05  6.59986e-05 
  4.44972e-01  5.41262e-05  6.58986e-05 
  4.46223e-01  -2.77028e-05 6.57991e-05 
  4.47474e-01  -9.83135e-05 6.57001e-05 
  4.48724e-01  5.95835e-05  6.56015e-05 
  4.49975e-01  -6.81926e-07 6.55034e-05 
  4.51226e-01  -4.18703e-06 6.54059e-05 
  4.52476e-01  -4.31147e-05 6.53089e-05 
  4.53727e-01  6.63730e-05  6.52124e-05 
  4.54977e-01  -8.35354e-06 6.51166e-05 
  4.56228e-01  -6.43079e-05 6.50213e-05 
  4.57479e-01  8.31360e-07  6.49266e-05 
  4.58729e-01  -4.32305e-06 6.48325e-05 
  4.59980e-01  2.61502e-06  6.47391e-05 
  4.61231e-01  1.46599e-05  6.46463e-05 
  4.62481e-01  -6.00425e-05 6.45543e-05 
  4.63732e-01  -7.22634e-06 6.44629e-05 
  4.64982e-01  -1.02673e-04 6.43723e-05 
  4.66233e-01  4.69239e-06  6.42825e-05 
  4.67484e-01  -1.58307e-05 6.41935e-05 
  4.68734e-01  -4.35530e-05 6.41052e-05 
  4.69985e-01  -2.50324e-05 6.40178e-05 
  4.71236e-01  3.84820e-05  6.39312e-05 
  4.72486e-01  -2.49769e-05 6.38455e-05 
  4.73737e-01  7.19105e-05  6.37607e-05 
  4.74987e-01  3.92378e-06  6.36768e-05 
  4.76238e-01  5.15328e-05  6.35938e-05 
  4.77489e-01  5.90423e-05  6.35118e-05 
  4.78739e-01  1.07818e-04  6.34307e-05 
  4.79990e-01  -1.94594e-05 6.33505e-05 
  4.81241e-01  4.38414e-05  6.32713e-05 
  4.82491e-01  1.25686e-04  6.31930e-05 
  4.83742e-01  4.33550e-05  6.31158e-05 
  4.84992e-01  -6.51568e-05 6.30394e-05 
  4.86243e-01  -2.85962e-05 6.29640e-05 
  4.87494e-01  9.43185e-05  6.28896e-05 
  4.88744e-01  -5.69375e-06 6.28160e-05 
  4.89995e-01  -5.37901e-05 6.27433e-05 
  4.91246e-01  9.84716e-06  6.26716e-05 
  4.92496e-01  -1.16395e-05 6.26006e-05 
  4.93747e-01  2.29787e-05  6.25305e-05 
  4.94997e-01  5.02758e-05  6.24611e-05 
  4.96248e-01  4.86286e-05  6.23925e-05 
  4.97499e-01  6.10607e-05  6.23246e-05 
  4.98749e-01  -2.81253e-06 6.22573e-05 
  5.00000e-01  3.53741e-05  6.21906e-05 
