# Simulated SAS data with noise
# sigma generated using Sedlak et al, k=100000, c=0.55, https://doi.org/10.1107/S1600576717003077, and rebinned with 10 per bin)
# q            I            sigma       
  1.00000e-03  2.37816e+00  3.23165e-02 
  2.25063e-03  2.32965e+00  2.14154e-02 
  3.50125e-03  2.27979e+00  1.69932e-02 
  4.75188e-03  2.21611e+00  1.43730e-02 
  6.00251e-03  2.13335e+00  1.25468e-02 
  7.25313e-03  2.03180e+00  1.11518e-02 
  8.50376e-03  1.93829e+00  1.00224e-02 
  9.75439e-03  1.79164e+00  9.07195e-03 
  1.10050e-02  1.68393e+00  8.25091e-03 
  1.22556e-02  1.56983e+00  7.52902e-03 
  1.35063e-02  1.44573e+00  6.88691e-03 
  1.47569e-02  1.32959e+00  6.31167e-03 
  1.60075e-02  1.20486e+00  5.79433e-03 
  1.72581e-02  1.10241e+00  5.32834e-03 
  1.85088e-02  1.00192e+00  4.90862e-03 
  1.97594e-02  9.11079e-01  4.53091e-03 
  2.10100e-02  8.31252e-01  4.19144e-03 
  2.22607e-02  7.49521e-01  3.88660e-03 
  2.35113e-02  6.90482e-01  3.61288e-03 
  2.47619e-02  6.25152e-01  3.36677e-03 
  2.60125e-02  5.81116e-01  3.14482e-03 
  2.72632e-02  5.29083e-01  2.94366e-03 
  2.85138e-02  4.84141e-01  2.76013e-03 
  2.97644e-02  4.50282e-01  2.59134e-03 
  3.10150e-02  4.13495e-01  2.43475e-03 
  3.22657e-02  3.79982e-01  2.28824e-03 
  3.35163e-02  3.49451e-01  2.15009e-03 
  3.47669e-02  3.20133e-01  2.01902e-03 
  3.60175e-02  2.85442e-01  1.89413e-03 
  3.72682e-02  2.62256e-01  1.77486e-03 
  3.85188e-02  2.38475e-01  1.66090e-03 
  3.97694e-02  2.15171e-01  1.55217e-03 
  4.10201e-02  1.93547e-01  1.44870e-03 
  4.22707e-02  1.72879e-01  1.35056e-03 
  4.35213e-02  1.56038e-01  1.25786e-03 
  4.47719e-02  1.38865e-01  1.17063e-03 
  4.60226e-02  1.22467e-01  1.08881e-03 
  4.72732e-02  1.07153e-01  1.01225e-03 
  4.85238e-02  9.55164e-02  9.40677e-04 
  4.97744e-02  8.52784e-02  8.73711e-04 
  5.10251e-02  7.49681e-02  8.10910e-04 
  5.22757e-02  6.61873e-02  7.51789e-04 
  5.35263e-02  5.76330e-02  6.95866e-04 
  5.47769e-02  4.96527e-02  6.42697e-04 
  5.60276e-02  4.43648e-02  5.91909e-04 
  5.72782e-02  3.76985e-02  5.43226e-04 
  5.85288e-02  3.16075e-02  4.96481e-04 
  5.97794e-02  2.65927e-02  4.51617e-04 
  6.10301e-02  2.24291e-02  4.08685e-04 
  6.22807e-02  1.87182e-02  3.67829e-04 
  6.35313e-02  1.52617e-02  3.29264e-04 
  6.47820e-02  1.19598e-02  2.93261e-04 
  6.60326e-02  9.56722e-03  2.60120e-04 
  6.72832e-02  6.96297e-03  2.30141e-04 
  6.85338e-02  5.53001e-03  2.03595e-04 
  6.97845e-02  4.42059e-03  1.80691e-04 
  7.10351e-02  3.70146e-03  1.61530e-04 
  7.22857e-02  2.84588e-03  1.46073e-04 
  7.35363e-02  2.15763e-03  1.34109e-04 
  7.47870e-02  2.01123e-03  1.25273e-04 
  7.60376e-02  1.74911e-03  1.19101e-04 
  7.72882e-02  1.62039e-03  1.15107e-04 
  7.85388e-02  1.47680e-03  1.12874e-04 
  7.97895e-02  1.52524e-03  1.12086e-04 
  8.10401e-02  1.89127e-03  1.12538e-04 
  8.22907e-02  1.67064e-03  1.14097e-04 
  8.35414e-02  1.86439e-03  1.16659e-04 
  8.47920e-02  1.93390e-03  1.20100e-04 
  8.60426e-02  2.32954e-03  1.24258e-04 
  8.72932e-02  2.44984e-03  1.28924e-04 
  8.85439e-02  3.03109e-03  1.33856e-04 
  8.97945e-02  3.12898e-03  1.38795e-04 
  9.10451e-02  3.16904e-03  1.43492e-04 
  9.22957e-02  3.83166e-03  1.47724e-04 
  9.35464e-02  3.90220e-03  1.51306e-04 
  9.47970e-02  4.15017e-03  1.54102e-04 
  9.60476e-02  4.45029e-03  1.56028e-04 
  9.72982e-02  4.45298e-03  1.57051e-04 
  9.85489e-02  4.69738e-03  1.57188e-04 
  9.97995e-02  4.97775e-03  1.56496e-04 
  1.01050e-01  4.97317e-03  1.55068e-04 
  1.02301e-01  4.68449e-03  1.53018e-04 
  1.03551e-01  4.56330e-03  1.50473e-04 
  1.04802e-01  4.44118e-03  1.47559e-04 
  1.06053e-01  4.34195e-03  1.44393e-04 
  1.07303e-01  4.19984e-03  1.41069e-04 
  1.08554e-01  3.88243e-03  1.37653e-04 
  1.09805e-01  3.81949e-03  1.34183e-04 
  1.11055e-01  3.45851e-03  1.30664e-04 
  1.12306e-01  3.28891e-03  1.27079e-04 
  1.13556e-01  3.28044e-03  1.23394e-04 
  1.14807e-01  2.77744e-03  1.19568e-04 
  1.16058e-01  2.93271e-03  1.15563e-04 
  1.17308e-01  2.48343e-03  1.11355e-04 
  1.18559e-01  2.36056e-03  1.06939e-04 
  1.19810e-01  2.08993e-03  1.02332e-04 
  1.21060e-01  1.90178e-03  9.75806e-05 
  1.22311e-01  1.37196e-03  9.27530e-05 
  1.23561e-01  1.55826e-03  8.79391e-05 
  1.24812e-01  1.11889e-03  8.32427e-05 
  1.26063e-01  1.17546e-03  7.87725e-05 
  1.27313e-01  7.90476e-04  7.46315e-05 
  1.28564e-01  6.94683e-04  7.09044e-05 
  1.29815e-01  6.63854e-04  6.76474e-05 
  1.31065e-01  4.98283e-04  6.48794e-05 
  1.32316e-01  4.99944e-04  6.25809e-05 
  1.33566e-01  4.72876e-04  6.06987e-05 
  1.34817e-01  3.34165e-04  5.91579e-05 
  1.36068e-01  2.99385e-04  5.78769e-05 
  1.37318e-01  3.28478e-04  5.67829e-05 
  1.38569e-01  3.11951e-04  5.58235e-05 
  1.39820e-01  2.92832e-04  5.49739e-05 
  1.41070e-01  3.11010e-04  5.42384e-05 
  1.42321e-01  2.01529e-04  5.36460e-05 
  1.43571e-01  1.52086e-04  5.32422e-05 
  1.44822e-01  1.61365e-04  5.30769e-05 
  1.46073e-01  2.74347e-04  5.31911e-05 
  1.47323e-01  2.37393e-04  5.36049e-05 
  1.48574e-01  3.21173e-04  5.43101e-05 
  1.49825e-01  3.22902e-04  5.52685e-05 
  1.51075e-01  3.22108e-04  5.64158e-05 
  1.52326e-01  4.30408e-04  5.76708e-05 
  1.53576e-01  3.83410e-04  5.89451e-05 
  1.54827e-01  5.57224e-04  6.01534e-05 
  1.56078e-01  7.15161e-04  6.12210e-05 
  1.57328e-01  6.18318e-04  6.20898e-05 
  1.58579e-01  6.30223e-04  6.27211e-05 
  1.59830e-01  7.17741e-04  6.30968e-05 
  1.61080e-01  6.78317e-04  6.32187e-05 
  1.62331e-01  7.93953e-04  6.31064e-05 
  1.63581e-01  8.35456e-04  6.27936e-05 
  1.64832e-01  6.61202e-04  6.23239e-05 
  1.66083e-01  6.99435e-04  6.17454e-05 
  1.67333e-01  7.74131e-04  6.11054e-05 
  1.68584e-01  6.57669e-04  6.04450e-05 
  1.69835e-01  6.19521e-04  5.97947e-05 
  1.71085e-01  6.41949e-04  5.91717e-05 
  1.72336e-01  5.89950e-04  5.85786e-05 
  1.73586e-01  6.07530e-04  5.80047e-05 
  1.74837e-01  5.58592e-04  5.74292e-05 
  1.76088e-01  5.48255e-04  5.68253e-05 
  1.77338e-01  5.09579e-04  5.61650e-05 
  1.78589e-01  5.60801e-04  5.54235e-05 
  1.79840e-01  4.46349e-04  5.45838e-05 
  1.81090e-01  3.87974e-04  5.36385e-05 
  1.82341e-01  3.82396e-04  5.25919e-05 
  1.83591e-01  2.96732e-04  5.14596e-05 
  1.84842e-01  3.12396e-04  5.02677e-05 
  1.86093e-01  3.15832e-04  4.90499e-05 
  1.87343e-01  2.18890e-04  4.78446e-05 
  1.88594e-01  1.55600e-04  4.66905e-05 
  1.89845e-01  1.45572e-04  4.56223e-05 
  1.91095e-01  1.29776e-04  4.46669e-05 
  1.92346e-01  1.32441e-04  4.38404e-05 
  1.93596e-01  1.44327e-04  4.31466e-05 
  1.94847e-01  1.27185e-04  4.25776e-05 
  1.96098e-01  6.69513e-05  4.21161e-05 
  1.97348e-01  1.11825e-04  4.17390e-05 
  1.98599e-01  7.86506e-05  4.14214e-05 
  1.99850e-01  4.78855e-06  4.11413e-05 
  2.01100e-01  -2.58284e-05 4.08817e-05 
  2.02351e-01  7.15428e-05  4.06334e-05 
  2.03602e-01  8.37478e-05  4.03953e-05 
  2.04852e-01  2.73995e-06  4.01737e-05 
  2.06103e-01  4.98255e-05  3.99802e-05 
  2.07353e-01  4.46408e-05  3.98296e-05 
  2.08604e-01  4.19004e-05  3.97362e-05 
  2.09855e-01  1.79729e-05  3.97110e-05 
  2.11105e-01  -4.71751e-05 3.97594e-05 
  2.12356e-01  7.19290e-05  3.98797e-05 
  2.13607e-01  2.68990e-05  4.00628e-05 
  2.14857e-01  4.62796e-05  4.02929e-05 
  2.16108e-01  1.21517e-04  4.05501e-05 
  2.17358e-01  1.18762e-04  4.08121e-05 
  2.18609e-01  1.10297e-04  4.10572e-05 
  2.19860e-01  1.64464e-04  4.12668e-05 
  2.21110e-01  1.37093e-04  4.14265e-05 
  2.22361e-01  2.19463e-04  4.15279e-05 
  2.23612e-01  1.37668e-04  4.15686e-05 
  2.24862e-01  2.29884e-04  4.15517e-05 
  2.26113e-01  1.75673e-04  4.14850e-05 
  2.27363e-01  1.33081e-04  4.13797e-05 
  2.28614e-01  1.24196e-04  4.12482e-05 
  2.29865e-01  1.48556e-04  4.11029e-05 
  2.31115e-01  1.08631e-04  4.09541e-05 
  2.32366e-01  1.70256e-04  4.08086e-05 
  2.33617e-01  2.18955e-04  4.06697e-05 
  2.34867e-01  2.72265e-04  4.05363e-05 
  2.36118e-01  1.21257e-04  4.04037e-05 
  2.37368e-01  1.24134e-04  4.02647e-05 
  2.38619e-01  2.22340e-04  4.01110e-05 
  2.39870e-01  1.62185e-04  3.99343e-05 
  2.41120e-01  1.68221e-04  3.97281e-05 
  2.42371e-01  1.09886e-04  3.94884e-05 
  2.43622e-01  1.81260e-04  3.92144e-05 
  2.44872e-01  1.33143e-04  3.89089e-05 
  2.46123e-01  1.33155e-04  3.85779e-05 
  2.47373e-01  7.88134e-05  3.82298e-05 
  2.48624e-01  7.22718e-05  3.78746e-05 
  2.49875e-01  7.88367e-05  3.75226e-05 
  2.51125e-01  5.81070e-05  3.71833e-05 
  2.52376e-01  6.67774e-05  3.68640e-05 
  2.53627e-01  9.47986e-05  3.65695e-05 
  2.54877e-01  4.26115e-05  3.63018e-05 
  2.56128e-01  2.88065e-05  3.60596e-05 
  2.57378e-01  4.02197e-05  3.58398e-05 
  2.58629e-01  5.19968e-05  3.56377e-05 
  2.59880e-01  -2.36207e-07 3.54482e-05 
  2.61130e-01  -8.67556e-06 3.52670e-05 
  2.62381e-01  5.82121e-07  3.50914e-05 
  2.63632e-01  8.76817e-05  3.49206e-05 
  2.64882e-01  -2.62954e-05 3.47564e-05 
  2.66133e-01  6.13274e-05  3.46024e-05 
  2.67383e-01  2.18409e-05  3.44639e-05 
  2.68634e-01  -8.64242e-06 3.43467e-05 
  2.69885e-01  -2.93603e-05 3.42563e-05 
  2.71135e-01  -2.61550e-05 3.41968e-05 
  2.72386e-01  6.88407e-06  3.41700e-05 
  2.73637e-01  -2.47696e-06 3.41750e-05 
  2.74887e-01  1.20263e-06  3.42082e-05 
  2.76138e-01  -3.36572e-05 3.42633e-05 
  2.77388e-01  3.98505e-05  3.43319e-05 
  2.78639e-01  6.87241e-05  3.44048e-05 
  2.79890e-01  9.82984e-06  3.44727e-05 
  2.81140e-01  5.17950e-05  3.45273e-05 
  2.82391e-01  1.03901e-04  3.45620e-05 
  2.83642e-01  6.87936e-05  3.45729e-05 
  2.84892e-01  4.67696e-05  3.45584e-05 
  2.86143e-01  4.34833e-05  3.45199e-05 
  2.87393e-01  9.37064e-05  3.44610e-05 
  2.88644e-01  5.98209e-05  3.43869e-05 
  2.89895e-01  6.85726e-05  3.43039e-05 
  2.91145e-01  7.13997e-05  3.42183e-05 
  2.92396e-01  8.40959e-05  3.41354e-05 
  2.93647e-01  8.69241e-05  3.40594e-05 
  2.94897e-01  4.94235e-05  3.39922e-05 
  2.96148e-01  8.10305e-05  3.39338e-05 
  2.97398e-01  1.80812e-05  3.38820e-05 
  2.98649e-01  5.28412e-05  3.38330e-05 
  2.99900e-01  3.54973e-05  3.37821e-05 
  3.01150e-01  1.28493e-04  3.37242e-05 
  3.02401e-01  7.23238e-05  3.36547e-05 
  3.03652e-01  3.26972e-05  3.35699e-05 
  3.04902e-01  8.55704e-05  3.34678e-05 
  3.06153e-01  7.81916e-05  3.33482e-05 
  3.07404e-01  7.82335e-05  3.32126e-05 
  3.08654e-01  6.08094e-05  3.30641e-05 
  3.09905e-01  2.63743e-05  3.29073e-05 
  3.11155e-01  1.72454e-05  3.27470e-05 
  3.12406e-01  8.50211e-05  3.25884e-05 
  3.13657e-01  -2.68133e-05 3.24362e-05 
  3.14907e-01  6.08984e-05  3.22938e-05 
  3.16158e-01  2.93607e-05  3.21635e-05 
  3.17409e-01  4.02324e-05  3.20461e-05 
  3.18659e-01  3.50073e-05  3.19412e-05 
  3.19910e-01  1.35470e-05  3.18470e-05 
  3.21160e-01  2.50354e-05  3.17612e-05 
  3.22411e-01  3.51668e-05  3.16813e-05 
  3.23662e-01  7.18761e-06  3.16050e-05 
  3.24912e-01  2.42351e-05  3.15309e-05 
  3.26163e-01  -2.44439e-05 3.14581e-05 
  3.27414e-01  3.75198e-06  3.13871e-05 
  3.28664e-01  2.93022e-05  3.13190e-05 
  3.29915e-01  3.03512e-05  3.12557e-05 
  3.31165e-01  -2.11175e-05 3.11996e-05 
  3.32416e-01  4.77059e-05  3.11528e-05 
  3.33667e-01  -1.23639e-05 3.11170e-05 
  3.34917e-01  1.20760e-04  3.10930e-05 
  3.36168e-01  3.10770e-05  3.10808e-05 
  3.37419e-01  3.46609e-05  3.10791e-05 
  3.38669e-01  4.15105e-05  3.10856e-05 
  3.39920e-01  1.44047e-06  3.10976e-05 
  3.41170e-01  6.09490e-05  3.11116e-05 
  3.42421e-01  1.54569e-05  3.11245e-05 
  3.43672e-01  5.15979e-05  3.11335e-05 
  3.44922e-01  7.97740e-05  3.11365e-05 
  3.46173e-01  6.71221e-05  3.11325e-05 
  3.47424e-01  1.05079e-04  3.11215e-05 
  3.48674e-01  9.71210e-05  3.11047e-05 
  3.49925e-01  2.89629e-05  3.10838e-05 
  3.51175e-01  3.01729e-05  3.10613e-05 
  3.52426e-01  7.86899e-05  3.10393e-05 
  3.53677e-01  4.81286e-05  3.10201e-05 
  3.54927e-01  4.34380e-05  3.10048e-05 
  3.56178e-01  2.18719e-05  3.09939e-05 
  3.57429e-01  4.76848e-05  3.09865e-05 
  3.58679e-01  7.39007e-05  3.09807e-05 
  3.59930e-01  8.33575e-05  3.09737e-05 
  3.61180e-01  4.06350e-05  3.09619e-05 
  3.62431e-01  2.97415e-05  3.09417e-05 
  3.63682e-01  9.54849e-05  3.09095e-05 
  3.64932e-01  1.73593e-05  3.08626e-05 
  3.66183e-01  7.25158e-05  3.07991e-05 
  3.67434e-01  9.13286e-05  3.07183e-05 
  3.68684e-01  7.98674e-05  3.06211e-05 
  3.69935e-01  2.62689e-05  3.05097e-05 
  3.71185e-01  5.93928e-05  3.03872e-05 
  3.72436e-01  -1.09311e-05 3.02580e-05 
  3.73687e-01  9.16135e-05  3.01266e-05 
  3.74937e-01  4.41512e-05  2.99978e-05 
  3.76188e-01  9.05008e-05  2.98757e-05 
  3.77439e-01  2.46166e-05  2.97637e-05 
  3.78689e-01  5.89487e-05  2.96641e-05 
  3.79940e-01  3.65567e-05  2.95777e-05 
  3.81190e-01  2.05900e-05  2.95042e-05 
  3.82441e-01  4.91528e-05  2.94420e-05 
  3.83692e-01  7.34244e-05  2.93885e-05 
  3.84942e-01  2.14599e-05  2.93405e-05 
  3.86193e-01  3.97590e-05  2.92950e-05 
  3.87444e-01  2.49050e-05  2.92486e-05 
  3.88694e-01  8.49063e-05  2.91991e-05 
  3.89945e-01  5.94117e-05  2.91445e-05 
  3.91195e-01  2.05298e-05  2.90840e-05 
  3.92446e-01  4.39038e-06  2.90178e-05 
  3.93697e-01  1.97436e-05  2.89467e-05 
  3.94947e-01  4.21695e-05  2.88722e-05 
  3.96198e-01  1.21089e-05  2.87964e-05 
  3.97449e-01  6.98819e-06  2.87213e-05 
  3.98699e-01  -2.27614e-05 2.86488e-05 
  3.99950e-01  7.61331e-06  2.85806e-05 
  4.01201e-01  7.53057e-05  2.85178e-05 
  4.02451e-01  1.60782e-05  2.84607e-05 
  4.03702e-01  8.16418e-06  2.84094e-05 
  4.04952e-01  3.85548e-06  2.83632e-05 
  4.06203e-01  4.51440e-05  2.83210e-05 
  4.07454e-01  -1.90593e-05 2.82817e-05 
  4.08704e-01  5.35154e-05  2.82441e-05 
  4.09955e-01  1.51757e-05  2.82071e-05 
  4.11206e-01  4.24325e-05  2.81697e-05 
  4.12456e-01  2.46931e-05  2.81316e-05 
  4.13707e-01  -9.24861e-06 2.80924e-05 
  4.14957e-01  2.72874e-05  2.80523e-05 
  4.16208e-01  3.32472e-05  2.80114e-05 
  4.17459e-01  3.44906e-06  2.79702e-05 
  4.18709e-01  4.99885e-06  2.79288e-05 
  4.19960e-01  5.50664e-05  2.78874e-05 
  4.21211e-01  3.95855e-05  2.78459e-05 
  4.22461e-01  4.79027e-05  2.78039e-05 
  4.23712e-01  2.25977e-05  2.77607e-05 
  4.24962e-01  -3.02366e-05 2.77156e-05 
  4.26213e-01  1.31552e-05  2.76677e-05 
  4.27464e-01  -9.53048e-06 2.76161e-05 
  4.28714e-01  2.84603e-05  2.75601e-05 
  4.29965e-01  3.82970e-05  2.74993e-05 
  4.31216e-01  4.22734e-05  2.74334e-05 
  4.32466e-01  2.04407e-06  2.73628e-05 
  4.33717e-01  3.66339e-05  2.72882e-05 
  4.34967e-01  -1.27973e-05 2.72105e-05 
  4.36218e-01  1.69289e-05  2.71308e-05 
  4.37469e-01  -1.26395e-06 2.70507e-05 
  4.38719e-01  -4.67965e-05 2.69715e-05 
  4.39970e-01  -1.18166e-05 2.68943e-05 
  4.41221e-01  -1.60127e-05 2.68204e-05 
  4.42471e-01  -1.95856e-05 2.67503e-05 
  4.43722e-01  2.30504e-05  2.66846e-05 
  4.44972e-01  -3.50309e-05 2.66232e-05 
  4.46223e-01  1.56649e-05  2.65659e-05 
  4.47474e-01  -1.29903e-05 2.65123e-05 
  4.48724e-01  -5.30468e-05 2.64616e-05 
  4.49975e-01  1.96359e-05  2.64133e-05 
  4.51226e-01  -9.23702e-06 2.63668e-05 
  4.52476e-01  -9.13482e-06 2.63215e-05 
  4.53727e-01  -2.35216e-05 2.62771e-05 
  4.54977e-01  7.17384e-05  2.62336e-05 
  4.56228e-01  4.68675e-06  2.61909e-05 
  4.57479e-01  -6.58104e-05 2.61493e-05 
  4.58729e-01  1.42780e-05  2.61091e-05 
  4.59980e-01  2.04006e-05  2.60707e-05 
  4.61231e-01  -1.05710e-05 2.60344e-05 
  4.62481e-01  -4.03239e-07 2.60004e-05 
  4.63732e-01  -4.71983e-05 2.59689e-05 
  4.64982e-01  -1.22788e-05 2.59398e-05 
  4.66233e-01  -2.32914e-05 2.59131e-05 
  4.67484e-01  7.32989e-06  2.58883e-05 
  4.68734e-01  -2.19781e-05 2.58652e-05 
  4.69985e-01  -2.68494e-05 2.58433e-05 
  4.71236e-01  2.77849e-06  2.58221e-05 
  4.72486e-01  3.83007e-05  2.58011e-05 
  4.73737e-01  1.56832e-05  2.57799e-05 
  4.74987e-01  -2.50032e-05 2.57581e-05 
  4.76238e-01  1.10169e-05  2.57353e-05 
  4.77489e-01  -2.01631e-05 2.57111e-05 
  4.78739e-01  1.58652e-06  2.56851e-05 
  4.79990e-01  2.08697e-05  2.56571e-05 
  4.81241e-01  -3.76057e-05 2.56268e-05 
  4.82491e-01  1.39552e-06  2.55938e-05 
  4.83742e-01  1.44046e-05  2.55580e-05 
  4.84992e-01  -2.13832e-05 2.55193e-05 
  4.86243e-01  6.48874e-05  2.54776e-05 
  4.87494e-01  3.72959e-05  2.54330e-05 
  4.88744e-01  8.93025e-06  2.53861e-05 
  4.89995e-01  -6.88245e-06 2.53371e-05 
  4.91246e-01  5.34595e-06  2.52869e-05 
  4.92496e-01  -1.24225e-05 2.52363e-05 
  4.93747e-01  2.05744e-06  2.51863e-05 
  4.94997e-01  1.55633e-05  2.51379e-05 
  4.96248e-01  -2.20541e-05 2.50921e-05 
  4.97499e-01  -1.15478e-05 2.50497e-05 
  4.98749e-01  -3.99879e-05 2.50113e-05 
  5.00000e-01  -2.91542e-05 2.49773e-05 
