# r                 p(r)             
  1.17920e-01       -1.22689e-07     
  3.53759e-01       4.14075e-07      
  5.89598e-01       1.68697e-06      
  8.25438e-01       1.79432e-06      
  1.06128e+00       3.32793e-06      
  1.29712e+00       3.45062e-06      
  1.53296e+00       4.67751e-06      
  1.76880e+00       8.22015e-06      
  2.00463e+00       9.89178e-06      
  2.24047e+00       9.93779e-06      
  2.47631e+00       1.37718e-05      
  2.71215e+00       1.37872e-05      
  2.94799e+00       1.79126e-05      
  3.18383e+00       2.02130e-05      
  3.41967e+00       2.26974e-05      
  3.65551e+00       2.66695e-05      
  3.89135e+00       2.96293e-05      
  4.12719e+00       3.48743e-05      
  4.36303e+00       3.70213e-05      
  4.59887e+00       4.18829e-05      
  4.83471e+00       4.38766e-05      
  5.07055e+00       4.92902e-05      
  5.30639e+00       5.23421e-05      
  5.54223e+00       5.41364e-05      
  5.77806e+00       4.96890e-05      
  6.01390e+00       6.16665e-05      
  6.24974e+00       6.77242e-05      
  6.48558e+00       7.46408e-05      
  6.72142e+00       6.49177e-05      
  6.95726e+00       8.48393e-05      
  7.19310e+00       8.64649e-05      
  7.42894e+00       8.52534e-05      
  7.66478e+00       8.74311e-05      
  7.90062e+00       1.01632e-04      
  8.13646e+00       1.01172e-04      
  8.37230e+00       1.07337e-04      
  8.60814e+00       1.10205e-04      
  8.84398e+00       1.17950e-04      
  9.07982e+00       1.22367e-04      
  9.31566e+00       1.19714e-04      
  9.55149e+00       1.22980e-04      
  9.78733e+00       1.32903e-04      
  1.00232e+01       1.29575e-04      
  1.02590e+01       1.41859e-04      
  1.04949e+01       1.32213e-04      
  1.07307e+01       1.40111e-04      
  1.09665e+01       1.51551e-04      
  1.12024e+01       1.47901e-04      
  1.14382e+01       1.42396e-04      
  1.16740e+01       1.59802e-04      
  1.19099e+01       1.56275e-04      
  1.21457e+01       1.63682e-04      
  1.23816e+01       1.67010e-04      
  1.26174e+01       1.61244e-04      
  1.28532e+01       1.62915e-04      
  1.30891e+01       1.74893e-04      
  1.33249e+01       1.73191e-04      
  1.35608e+01       1.72286e-04      
  1.37966e+01       1.70952e-04      
  1.40324e+01       1.88465e-04      
  1.42683e+01       1.78972e-04      
  1.45041e+01       1.74908e-04      
  1.47400e+01       1.70154e-04      
  1.49758e+01       1.77991e-04      
  1.52116e+01       1.77423e-04      
  1.54475e+01       1.75276e-04      
  1.56833e+01       1.73313e-04      
  1.59192e+01       1.84585e-04      
  1.61550e+01       1.77730e-04      
  1.63908e+01       1.69955e-04      
  1.66267e+01       1.80291e-04      
  1.68625e+01       1.78635e-04      
  1.70984e+01       1.76565e-04      
  1.73342e+01       1.77761e-04      
  1.75700e+01       1.87944e-04      
  1.78059e+01       1.73068e-04      
  1.80417e+01       1.74908e-04      
  1.82776e+01       1.51505e-04      
  1.85134e+01       1.76028e-04      
  1.87492e+01       1.55232e-04      
  1.89851e+01       1.64970e-04      
  1.92209e+01       1.64050e-04      
  1.94567e+01       1.74847e-04      
  1.96926e+01       1.60216e-04      
  1.99284e+01       1.46153e-04      
  2.01643e+01       1.60416e-04      
  2.04001e+01       1.68881e-04      
  2.06359e+01       1.44941e-04      
  2.08718e+01       1.36829e-04      
  2.11076e+01       1.42702e-04      
  2.13435e+01       1.40678e-04      
  2.15793e+01       1.42074e-04      
  2.18151e+01       1.29805e-04      
  2.20510e+01       1.35341e-04      
  2.22868e+01       1.31047e-04      
  2.25227e+01       1.15281e-04      
  2.27585e+01       1.28731e-04      
  2.29943e+01       1.31614e-04      
  2.32302e+01       1.26385e-04      
  2.34660e+01       1.09822e-04      
  2.37019e+01       1.22413e-04      
  2.39377e+01       1.10466e-04      
  2.41735e+01       1.23379e-04      
  2.44094e+01       1.16631e-04      
  2.46452e+01       1.00022e-04      
  2.48811e+01       9.38263e-05      
  2.51169e+01       9.71849e-05      
  2.53527e+01       6.86904e-05      
  2.55886e+01       7.51469e-05      
  2.58244e+01       7.41500e-05      
  2.60603e+01       8.77992e-05      
  2.62961e+01       8.56521e-05      
  2.65319e+01       8.26616e-05      
  2.67678e+01       7.94870e-05      
  2.70036e+01       5.14680e-05      
  2.72394e+01       6.92118e-05      
  2.74753e+01       5.02257e-05      
  2.77111e+01       6.89358e-05      
  2.79470e+01       6.66047e-05      
  2.81828e+01       5.23728e-05      
  2.84186e+01       4.81247e-05      
  2.86545e+01       4.10547e-05      
  2.88903e+01       3.64539e-05      
  2.91262e+01       3.03195e-05      
  2.93620e+01       3.59325e-05      
  2.95978e+01       2.70682e-05      
  2.98337e+01       3.51810e-05      
  3.00695e+01       1.61949e-05      
  3.03054e+01       7.40734e-06      
  3.05412e+01       8.22015e-06      
  3.07770e+01       5.49032e-06      
  3.10129e+01       2.17773e-06      
  3.12487e+01       -1.48760e-06     
  3.14846e+01       -1.71304e-05     
  3.17204e+01       -1.46613e-05     
  3.19562e+01       -1.20848e-05     
  3.21921e+01       -1.32964e-05     
  3.24279e+01       -6.11910e-06     
  3.26638e+01       -4.62997e-05     
  3.28996e+01       -2.31575e-05     
  3.31354e+01       -3.76501e-05     
  3.33713e+01       -1.61029e-06     
  3.36071e+01       -2.25747e-05     
  3.38430e+01       -4.39686e-05     
  3.40788e+01       -4.15455e-05     
  3.43146e+01       -5.63448e-05     
  3.45505e+01       -3.02735e-05     
  3.47863e+01       -4.01959e-05     
  3.50221e+01       -5.05018e-05     
  3.52580e+01       -7.16503e-05     
  3.54938e+01       -7.69259e-05     
  3.57297e+01       -9.13725e-05     
  3.59655e+01       -8.62042e-05     
  3.62013e+01       -7.47788e-05     
  3.64372e+01       -6.84757e-05     
  3.66730e+01       -7.53923e-05     
  3.69089e+01       -9.22773e-05     
  3.71447e+01       -1.14637e-04     
  3.73805e+01       -1.05282e-04     
  3.76164e+01       -8.38885e-05     
  3.78522e+01       -1.07721e-04     
  3.80881e+01       -1.13947e-04     
  3.83239e+01       -1.11325e-04     
  3.85597e+01       -1.25971e-04     
  3.87956e+01       -1.09086e-04     
  3.90314e+01       -1.23410e-04     
  3.92673e+01       -1.26477e-04     
  3.95031e+01       -1.18471e-04     
  3.97389e+01       -1.35494e-04     
  3.99748e+01       -1.40724e-04     
  4.02106e+01       -1.46291e-04     
  4.04465e+01       -1.37212e-04     
  4.06823e+01       -1.52073e-04     
  4.09181e+01       -1.38332e-04     
  4.11540e+01       -1.40019e-04     
  4.13898e+01       -1.49726e-04     
  4.16257e+01       -1.69510e-04     
  4.18615e+01       -1.54481e-04     
  4.20973e+01       -1.57088e-04     
  4.23332e+01       -1.97974e-04     
  4.25690e+01       -1.49496e-04     
  4.28048e+01       -1.88113e-04     
  4.30407e+01       -1.57272e-04     
  4.32765e+01       -1.44175e-04     
  4.35124e+01       -1.61857e-04     
  4.37482e+01       -1.73681e-04     
  4.39840e+01       -1.82776e-04     
  4.42199e+01       -1.69479e-04     
  4.44557e+01       -1.71596e-04     
  4.46916e+01       -1.96348e-04     
  4.49274e+01       -1.95229e-04     
  4.51632e+01       -1.87837e-04     
  4.53991e+01       -1.73298e-04     
  4.56349e+01       -1.85015e-04     
  4.58708e+01       -1.80107e-04     
  4.61066e+01       -1.77807e-04     
  4.63424e+01       -1.87269e-04     
  4.65783e+01       -1.79908e-04     
  4.68141e+01       -1.77101e-04     
  4.70500e+01       -1.55186e-04     
  4.72858e+01       -2.08801e-04     
  4.75216e+01       -1.92897e-04     
  4.77575e+01       -2.07160e-04     
  4.79933e+01       -1.67363e-04     
  4.82292e+01       -1.79662e-04     
  4.84650e+01       -1.72807e-04     
  4.87008e+01       -1.88189e-04     
  4.89367e+01       -1.73359e-04     
  4.91725e+01       -1.72194e-04     
  4.94084e+01       -1.61489e-04     
  4.96442e+01       -1.53652e-04     
  4.98800e+01       -1.47242e-04     
  5.01159e+01       -1.62762e-04     
  5.03517e+01       -1.75874e-04     
  5.05875e+01       -1.52962e-04     
  5.08234e+01       -1.53898e-04     
  5.10592e+01       -1.53790e-04     
  5.12951e+01       -1.37933e-04     
  5.15309e+01       -1.32933e-04     
  5.17667e+01       -1.36246e-04     
  5.20026e+01       -1.12720e-04     
  5.22384e+01       -1.15757e-04     
  5.24743e+01       -1.24698e-04     
  5.27101e+01       -1.08135e-04     
  5.29459e+01       -1.13303e-04     
  5.31818e+01       -8.13733e-05     
  5.34176e+01       -8.89954e-05     
  5.36535e+01       -8.52994e-05     
  5.38893e+01       -6.35835e-05     
  5.41251e+01       -5.73263e-05     
  5.43610e+01       -6.54698e-05     
  5.45968e+01       -5.83079e-05     
  5.48327e+01       -2.94146e-05     
  5.50685e+01       -3.98892e-05     
  5.53043e+01       -1.65783e-05     
  5.55402e+01       -7.85208e-06     
  5.57760e+01       -1.92928e-05     
  5.60119e+01       4.44747e-07      
  5.62477e+01       1.14407e-05      
  5.64835e+01       3.36781e-05      
  5.67194e+01       3.43682e-05      
  5.69552e+01       4.87535e-05      
  5.71911e+01       5.46119e-05      
  5.74269e+01       7.78767e-05      
  5.76627e+01       7.61284e-05      
  5.78986e+01       9.13265e-05      
  5.81344e+01       1.06617e-04      
  5.83702e+01       1.20434e-04      
  5.86061e+01       1.15619e-04      
  5.88419e+01       1.46951e-04      
  5.90778e+01       1.60814e-04      
  5.93136e+01       1.84187e-04      
  5.95494e+01       1.84202e-04      
  5.97853e+01       1.95198e-04      
  6.00211e+01       2.23846e-04      
  6.02570e+01       2.19690e-04      
  6.04928e+01       2.43936e-04      
  6.07286e+01       2.49258e-04      
  6.09645e+01       2.78611e-04      
  6.12003e+01       2.80942e-04      
  6.14362e+01       3.09621e-04      
  6.16720e+01       3.05357e-04      
  6.19078e+01       3.32993e-04      
  6.21437e+01       3.45875e-04      
  6.23795e+01       3.54877e-04      
  6.26154e+01       3.79476e-04      
  6.28512e+01       3.88693e-04      
  6.30870e+01       3.99429e-04      
  6.33229e+01       4.15179e-04      
  6.35587e+01       4.27018e-04      
  6.37946e+01       4.30116e-04      
  6.40304e+01       4.42907e-04      
  6.42662e+01       4.52553e-04      
  6.45021e+01       4.58273e-04      
  6.47379e+01       4.79161e-04      
  6.49737e+01       4.81707e-04      
  6.52096e+01       4.92964e-04      
  6.54454e+01       4.96874e-04      
  6.56813e+01       5.18529e-04      
  6.59171e+01       5.32837e-04      
  6.61529e+01       5.33620e-04      
  6.63888e+01       5.39815e-04      
  6.66246e+01       5.55382e-04      
  6.68605e+01       5.53265e-04      
  6.70963e+01       5.71776e-04      
  6.73321e+01       5.81606e-04      
  6.75680e+01       5.80042e-04      
  6.78038e+01       5.91268e-04      
  6.80397e+01       5.93507e-04      
  6.82755e+01       5.95777e-04      
  6.85113e+01       6.00930e-04      
  6.87472e+01       6.13229e-04      
  6.89830e+01       6.12616e-04      
  6.92189e+01       6.11098e-04      
  6.94547e+01       6.17186e-04      
  6.96905e+01       6.19088e-04      
  6.99264e+01       6.30375e-04      
  7.01622e+01       6.18336e-04      
  7.03981e+01       6.23888e-04      
  7.06339e+01       6.25851e-04      
  7.08697e+01       6.30160e-04      
  7.11056e+01       6.23244e-04      
  7.13414e+01       6.25958e-04      
  7.15773e+01       6.19486e-04      
  7.18131e+01       6.11036e-04      
  7.20489e+01       6.20069e-04      
  7.22848e+01       6.11128e-04      
  7.25206e+01       6.05853e-04      
  7.27564e+01       6.06727e-04      
  7.29923e+01       5.99212e-04      
  7.32281e+01       5.91253e-04      
  7.34640e+01       5.83493e-04      
  7.36998e+01       5.73509e-04      
  7.39356e+01       5.68509e-04      
  7.41715e+01       5.56578e-04      
  7.44073e+01       5.49492e-04      
  7.46432e+01       5.36932e-04      
  7.48790e+01       5.24219e-04      
  7.51148e+01       5.14388e-04      
  7.53507e+01       5.01383e-04      
  7.55865e+01       4.84452e-04      
  7.58224e+01       4.72720e-04      
  7.60582e+01       4.61080e-04      
  7.62940e+01       4.56050e-04      
  7.65299e+01       4.45575e-04      
  7.67657e+01       4.28000e-04      
  7.70016e+01       4.16237e-04      
  7.72374e+01       4.01468e-04      
  7.74732e+01       3.93463e-04      
  7.77091e+01       3.78940e-04      
  7.79449e+01       3.69968e-04      
  7.81808e+01       3.58113e-04      
  7.84166e+01       3.47271e-04      
  7.86524e+01       3.37670e-04      
  7.88883e+01       3.20785e-04      
  7.91241e+01       3.08194e-04      
  7.93600e+01       2.99437e-04      
  7.95958e+01       2.90312e-04      
  7.98316e+01       2.78626e-04      
  8.00675e+01       2.70575e-04      
  8.03033e+01       2.55453e-04      
  8.05391e+01       2.46773e-04      
  8.07750e+01       2.40363e-04      
  8.10108e+01       2.25364e-04      
  8.12467e+01       2.14061e-04      
  8.14825e+01       2.06761e-04      
  8.17183e+01       1.91118e-04      
  8.19542e+01       1.86610e-04      
  8.21900e+01       1.77469e-04      
  8.24259e+01       1.66765e-04      
  8.26617e+01       1.57088e-04      
  8.28975e+01       1.48653e-04      
  8.31334e+01       1.42380e-04      
  8.33692e+01       1.31798e-04      
  8.36051e+01       1.22857e-04      
  8.38409e+01       1.13441e-04      
  8.40767e+01       1.09806e-04      
  8.43126e+01       9.87798e-05      
  8.45484e+01       9.17405e-05      
  8.47843e+01       8.50693e-05      
  8.50201e+01       7.91496e-05      
  8.52559e+01       7.27698e-05      
  8.54918e+01       6.54545e-05      
  8.57276e+01       5.87373e-05      
  8.59635e+01       5.41671e-05      
  8.61993e+01       4.80173e-05      
  8.64351e+01       4.28797e-05      
  8.66710e+01       3.83709e-05      
  8.69068e+01       3.25739e-05      
  8.71427e+01       2.98594e-05      
  8.73785e+01       2.45684e-05      
  8.76143e+01       2.01056e-05      
  8.78502e+01       1.60416e-05      
  8.80860e+01       1.27290e-05      
  8.83218e+01       9.61573e-06      
  8.85577e+01       6.33381e-06      
  8.87935e+01       5.10692e-06      
  8.90294e+01       3.37394e-06      
  8.92652e+01       1.70231e-06      
  8.95010e+01       5.52100e-07      
  8.97369e+01       2.30042e-07      
  8.99727e+01       0.00000e+00      
  9.02086e+01       0.00000e+00      
  9.04444e+01       0.00000e+00      
  9.06802e+01       0.00000e+00      
  9.09161e+01       0.00000e+00      
  9.11519e+01       0.00000e+00      
  9.13878e+01       0.00000e+00      
  9.16236e+01       0.00000e+00      
  9.18594e+01       0.00000e+00      
  9.20953e+01       0.00000e+00      
  9.23311e+01       0.00000e+00      
  9.25670e+01       0.00000e+00      
  9.28028e+01       0.00000e+00      
  9.30386e+01       0.00000e+00      
  9.32745e+01       0.00000e+00      
  9.35103e+01       0.00000e+00      
  9.37462e+01       0.00000e+00      
  9.39820e+01       0.00000e+00      
  9.42178e+01       0.00000e+00      
