# r                 p(r)             
  1.18017e-01       6.42223e-08      
  3.54052e-01       4.49556e-07      
  5.90087e-01       1.47711e-06      
  8.26121e-01       3.01845e-06      
  1.06216e+00       3.53223e-06      
  1.29819e+00       7.38556e-06      
  1.53423e+00       8.34890e-06      
  1.77026e+00       1.15600e-05      
  2.00629e+00       1.47069e-05      
  2.24233e+00       1.95236e-05      
  2.47836e+00       2.05511e-05      
  2.71440e+00       2.58816e-05      
  2.95043e+00       2.88358e-05      
  3.18647e+00       3.50012e-05      
  3.42250e+00       3.59645e-05      
  3.65854e+00       4.52767e-05      
  3.89457e+00       4.94512e-05      
  4.13061e+00       4.79098e-05      
  4.36664e+00       6.01121e-05      
  4.60268e+00       6.62774e-05      
  4.83871e+00       6.91032e-05      
  5.07475e+00       7.75163e-05      
  5.31078e+00       8.13697e-05      
  5.54681e+00       9.17094e-05      
  5.78285e+00       9.78748e-05      
  6.01888e+00       9.84528e-05      
  6.25492e+00       1.07572e-04      
  6.49095e+00       1.21380e-04      
  6.72699e+00       1.21187e-04      
  6.96302e+00       1.26839e-04      
  7.19906e+00       1.29857e-04      
  7.43509e+00       1.35637e-04      
  7.67113e+00       1.48161e-04      
  7.90716e+00       1.47519e-04      
  8.14320e+00       1.53620e-04      
  8.37923e+00       1.61904e-04      
  8.61526e+00       1.74428e-04      
  8.85130e+00       1.75712e-04      
  9.08733e+00       1.89648e-04      
  9.32337e+00       1.94144e-04      
  9.55940e+00       1.92731e-04      
  9.79544e+00       1.96584e-04      
  1.00315e+01       2.04741e-04      
  1.02675e+01       2.09172e-04      
  1.05035e+01       2.15658e-04      
  1.07396e+01       2.22723e-04      
  1.09756e+01       2.31072e-04      
  1.12116e+01       2.25035e-04      
  1.14477e+01       2.35246e-04      
  1.16837e+01       2.38907e-04      
  1.19198e+01       2.34283e-04      
  1.21558e+01       2.53357e-04      
  1.23918e+01       2.55348e-04      
  1.26279e+01       2.48348e-04      
  1.28639e+01       2.61321e-04      
  1.30999e+01       2.61192e-04      
  1.33360e+01       2.69477e-04      
  1.35720e+01       2.55027e-04      
  1.38080e+01       2.66137e-04      
  1.40441e+01       2.67679e-04      
  1.42801e+01       2.63247e-04      
  1.45161e+01       2.79239e-04      
  1.47522e+01       2.74293e-04      
  1.49882e+01       2.57275e-04      
  1.52242e+01       2.69734e-04      
  1.54603e+01       2.68321e-04      
  1.56963e+01       2.68064e-04      
  1.59323e+01       2.61256e-04      
  1.61684e+01       2.74615e-04      
  1.64044e+01       2.75771e-04      
  1.66404e+01       2.59201e-04      
  1.68765e+01       2.58174e-04      
  1.71125e+01       2.49953e-04      
  1.73485e+01       2.60165e-04      
  1.75846e+01       2.64211e-04      
  1.78206e+01       2.51687e-04      
  1.80567e+01       2.41604e-04      
  1.82927e+01       2.41476e-04      
  1.85287e+01       2.53485e-04      
  1.87648e+01       2.58302e-04      
  1.90008e+01       2.46742e-04      
  1.92368e+01       2.36980e-04      
  1.94729e+01       2.36595e-04      
  1.97089e+01       2.29916e-04      
  1.99449e+01       2.32677e-04      
  2.01810e+01       2.28696e-04      
  2.04170e+01       2.10585e-04      
  2.06530e+01       2.08337e-04      
  2.08891e+01       2.16365e-04      
  2.11251e+01       2.20090e-04      
  2.13611e+01       2.17328e-04      
  2.15972e+01       2.07823e-04      
  2.18332e+01       2.05897e-04      
  2.20692e+01       2.06988e-04      
  2.23053e+01       1.90933e-04      
  2.25413e+01       1.98832e-04      
  2.27773e+01       1.87080e-04      
  2.30134e+01       1.80850e-04      
  2.32494e+01       1.75070e-04      
  2.34854e+01       1.54198e-04      
  2.37215e+01       1.77125e-04      
  2.39575e+01       1.62675e-04      
  2.41936e+01       1.60813e-04      
  2.44296e+01       1.56381e-04      
  2.46656e+01       1.50088e-04      
  2.49017e+01       1.59785e-04      
  2.51377e+01       1.32876e-04      
  2.53737e+01       1.56446e-04      
  2.56098e+01       1.34931e-04      
  2.58458e+01       1.40647e-04      
  2.60818e+01       1.28830e-04      
  2.63179e+01       1.20545e-04      
  2.65539e+01       1.24013e-04      
  2.67899e+01       1.08343e-04      
  2.70260e+01       1.06545e-04      
  2.72620e+01       1.06159e-04      
  2.74980e+01       8.99754e-05      
  2.77341e+01       9.68472e-05      
  2.79701e+01       9.70399e-05      
  2.82061e+01       9.58839e-05      
  2.84422e+01       8.07917e-05      
  2.86782e+01       7.54612e-05      
  2.89142e+01       6.65343e-05      
  2.91503e+01       7.74521e-05      
  2.93863e+01       6.71765e-05      
  2.96223e+01       5.14421e-05      
  2.98584e+01       7.05803e-05      
  3.00944e+01       5.24696e-05      
  3.03305e+01       4.84236e-05      
  3.05665e+01       4.52125e-05      
  3.08025e+01       4.22583e-05      
  3.10386e+01       2.36980e-05      
  3.12746e+01       3.73132e-05      
  3.15106e+01       7.57823e-06      
  3.17467e+01       1.54776e-05      
  3.19827e+01       1.34225e-05      
  3.22187e+01       1.51565e-05      
  3.24548e+01       -4.30289e-06     
  3.26908e+01       3.27534e-06      
  3.29268e+01       7.96356e-06      
  3.31629e+01       -1.48996e-05     
  3.33989e+01       -3.30745e-05     
  3.36349e+01       -2.31842e-05     
  3.38710e+01       1.34867e-06      
  3.41070e+01       -1.38078e-05     
  3.43430e+01       -1.43858e-05     
  3.45791e+01       -4.21940e-05     
  3.48151e+01       -3.48085e-05     
  3.50511e+01       -3.78912e-05     
  3.52872e+01       -6.13965e-05     
  3.55232e+01       -2.61385e-05     
  3.57592e+01       -5.43963e-05     
  3.59953e+01       -5.38825e-05     
  3.62313e+01       -5.38825e-05     
  3.64674e+01       -7.98283e-05     
  3.67034e+01       -5.96625e-05     
  3.69394e+01       -8.35532e-05     
  3.71755e+01       -8.25257e-05     
  3.74115e+01       -1.06994e-04     
  3.76475e+01       -1.04361e-04     
  3.78836e+01       -8.14339e-05     
  3.81196e+01       -7.77090e-05     
  3.83556e+01       -1.24399e-04     
  3.85917e+01       -1.22022e-04     
  3.88277e+01       -1.13609e-04     
  3.90637e+01       -1.27802e-04     
  3.92998e+01       -1.20417e-04     
  3.95358e+01       -1.31463e-04     
  3.97718e+01       -1.47647e-04     
  4.00079e+01       -1.33069e-04     
  4.02439e+01       -1.39748e-04     
  4.04799e+01       -1.55225e-04     
  4.07160e+01       -1.85602e-04     
  4.09520e+01       -1.38656e-04     
  4.11880e+01       -1.83997e-04     
  4.14241e+01       -1.53170e-04     
  4.16601e+01       -1.60492e-04     
  4.18961e+01       -1.43216e-04     
  4.21322e+01       -1.83740e-04     
  4.23682e+01       -1.81171e-04     
  4.26043e+01       -2.15658e-04     
  4.28403e+01       -1.76162e-04     
  4.30763e+01       -2.04741e-04     
  4.33124e+01       -2.02043e-04     
  4.35484e+01       -1.90740e-04     
  4.37844e+01       -1.99860e-04     
  4.40205e+01       -1.98318e-04     
  4.42565e+01       -2.14952e-04     
  4.44925e+01       -2.25228e-04     
  4.47286e+01       -2.05383e-04     
  4.49646e+01       -2.28503e-04     
  4.52006e+01       -2.28053e-04     
  4.54367e+01       -2.09108e-04     
  4.56727e+01       -2.04291e-04     
  4.59087e+01       -2.15851e-04     
  4.61448e+01       -2.07823e-04     
  4.63808e+01       -2.12833e-04     
  4.66168e+01       -2.13411e-04     
  4.68529e+01       -2.17136e-04     
  4.70889e+01       -2.20475e-04     
  4.73249e+01       -2.06410e-04     
  4.75610e+01       -2.17649e-04     
  4.77970e+01       -2.30879e-04     
  4.80331e+01       -2.30815e-04     
  4.82691e+01       -2.13154e-04     
  4.85051e+01       -1.95043e-04     
  4.87412e+01       -2.09365e-04     
  4.89772e+01       -2.07438e-04     
  4.92132e+01       -2.07566e-04     
  4.94493e+01       -1.92860e-04     
  4.96853e+01       -1.85924e-04     
  4.99213e+01       -1.87401e-04     
  5.01574e+01       -1.78538e-04     
  5.03934e+01       -1.95236e-04     
  5.06294e+01       -1.85795e-04     
  5.08655e+01       -1.71987e-04     
  5.11015e+01       -1.66914e-04     
  5.13375e+01       -1.57024e-04     
  5.15736e+01       -1.89777e-04     
  5.18096e+01       -1.64152e-04     
  5.20456e+01       -1.30692e-04     
  5.22817e+01       -1.41546e-04     
  5.25177e+01       -1.22921e-04     
  5.27537e+01       -1.11490e-04     
  5.29898e+01       -1.10655e-04     
  5.32258e+01       -1.00893e-04     
  5.34618e+01       -9.80674e-05     
  5.36979e+01       -8.61221e-05     
  5.39339e+01       -1.11361e-04     
  5.41700e+01       -7.64888e-05     
  5.44060e+01       -5.61303e-05     
  5.46420e+01       -2.84505e-05     
  5.48781e+01       -4.25152e-05     
  5.51141e+01       -2.13218e-05     
  5.53501e+01       1.52849e-05      
  5.55862e+01       -2.62669e-05     
  5.58222e+01       2.24778e-06      
  5.60582e+01       3.10194e-05      
  5.62943e+01       4.50841e-05      
  5.65303e+01       6.44792e-05      
  5.67663e+01       7.15436e-05      
  5.70024e+01       8.94617e-05      
  5.72384e+01       8.92690e-05      
  5.74744e+01       1.40775e-04      
  5.77105e+01       1.44308e-04      
  5.79465e+01       1.70510e-04      
  5.81825e+01       1.69996e-04      
  5.84186e+01       2.04098e-04      
  5.86546e+01       2.29659e-04      
  5.88906e+01       2.56953e-04      
  5.91267e+01       2.72624e-04      
  5.93627e+01       2.69156e-04      
  5.95987e+01       2.91633e-04      
  5.98348e+01       3.33828e-04      
  6.00708e+01       3.34470e-04      
  6.03069e+01       3.67930e-04      
  6.05429e+01       4.13527e-04      
  6.07789e+01       4.21619e-04      
  6.10150e+01       4.70171e-04      
  6.12510e+01       4.79869e-04      
  6.14870e+01       4.81667e-04      
  6.17231e+01       5.13457e-04      
  6.19591e+01       5.38247e-04      
  6.21951e+01       5.54495e-04      
  6.24312e+01       5.64257e-04      
  6.26672e+01       5.90203e-04      
  6.29032e+01       6.18653e-04      
  6.31393e+01       6.31819e-04      
  6.33753e+01       6.69261e-04      
  6.36113e+01       6.82619e-04      
  6.38474e+01       6.98546e-04      
  6.40834e+01       6.91225e-04      
  6.43194e+01       7.32070e-04      
  6.45555e+01       7.43887e-04      
  6.47915e+01       7.67906e-04      
  6.50275e+01       7.94430e-04      
  6.52636e+01       8.06889e-04      
  6.54996e+01       8.19027e-04      
  6.57356e+01       8.54863e-04      
  6.59717e+01       8.48184e-04      
  6.62077e+01       8.90506e-04      
  6.64438e+01       9.01296e-04      
  6.66798e+01       8.98149e-04      
  6.69158e+01       9.18250e-04      
  6.71519e+01       9.22682e-04      
  6.73879e+01       9.39444e-04      
  6.76239e+01       9.47022e-04      
  6.78600e+01       9.55242e-04      
  6.80960e+01       9.53059e-04      
  6.83320e+01       9.71619e-04      
  6.85681e+01       9.90051e-04      
  6.88041e+01       9.91335e-04      
  6.90401e+01       1.00835e-03      
  6.92762e+01       1.00527e-03      
  6.95122e+01       1.01099e-03      
  6.97482e+01       1.03668e-03      
  6.99843e+01       1.02756e-03      
  7.02203e+01       1.03809e-03      
  7.04563e+01       1.03758e-03      
  7.06924e+01       1.01979e-03      
  7.09284e+01       1.03488e-03      
  7.11644e+01       1.04098e-03      
  7.14005e+01       1.03642e-03      
  7.16365e+01       1.02004e-03      
  7.18726e+01       1.03019e-03      
  7.21086e+01       1.02537e-03      
  7.23446e+01       1.02171e-03      
  7.25807e+01       9.99299e-04      
  7.28167e+01       9.98914e-04      
  7.30527e+01       9.87803e-04      
  7.32888e+01       9.94097e-04      
  7.35248e+01       9.83821e-04      
  7.37608e+01       9.48628e-04      
  7.39969e+01       9.41948e-04      
  7.42329e+01       9.34756e-04      
  7.44689e+01       9.15617e-04      
  7.47050e+01       9.13370e-04      
  7.49410e+01       8.76249e-04      
  7.51770e+01       8.57111e-04      
  7.54131e+01       8.32064e-04      
  7.56491e+01       8.17935e-04      
  7.58851e+01       7.93788e-04      
  7.61212e+01       7.75613e-04      
  7.63572e+01       7.43116e-04      
  7.65932e+01       7.33033e-04      
  7.68293e+01       7.20446e-04      
  7.70653e+01       6.93793e-04      
  7.73013e+01       6.73563e-04      
  7.75374e+01       6.56416e-04      
  7.77734e+01       6.39269e-04      
  7.80095e+01       6.14158e-04      
  7.82455e+01       5.94763e-04      
  7.84815e+01       5.66505e-04      
  7.87176e+01       5.55908e-04      
  7.89536e+01       5.49422e-04      
  7.91896e+01       5.23861e-04      
  7.94257e+01       5.02026e-04      
  7.96617e+01       4.90209e-04      
  7.98977e+01       4.70621e-04      
  8.01338e+01       4.55272e-04      
  8.03698e+01       4.31317e-04      
  8.06058e+01       4.10445e-04      
  8.08419e+01       3.93618e-04      
  8.10779e+01       3.84435e-04      
  8.13139e+01       3.54636e-04      
  8.15500e+01       3.43076e-04      
  8.17860e+01       3.29974e-04      
  8.20220e+01       3.13469e-04      
  8.22581e+01       2.99212e-04      
  8.24941e+01       2.87074e-04      
  8.27301e+01       2.67357e-04      
  8.29662e+01       2.52137e-04      
  8.32022e+01       2.41733e-04      
  8.34382e+01       2.34347e-04      
  8.36743e+01       2.06025e-04      
  8.39103e+01       1.97227e-04      
  8.41463e+01       1.82070e-04      
  8.43824e+01       1.67813e-04      
  8.46184e+01       1.52271e-04      
  8.48545e+01       1.40262e-04      
  8.50905e+01       1.28188e-04      
  8.53265e+01       1.17077e-04      
  8.55626e+01       1.09692e-04      
  8.57986e+01       9.74895e-05      
  8.60346e+01       9.56270e-05      
  8.62707e+01       8.10485e-05      
  8.65067e+01       7.26354e-05      
  8.67427e+01       6.68554e-05      
  8.69788e+01       5.56165e-05      
  8.72148e+01       4.65612e-05      
  8.74508e+01       3.87903e-05      
  8.76869e+01       3.18543e-05      
  8.79229e+01       2.85147e-05      
  8.81589e+01       2.19640e-05      
  8.83950e+01       1.78538e-05      
  8.86310e+01       1.21380e-05      
  8.88671e+01       9.89023e-06      
  8.91031e+01       5.65156e-06      
  8.93391e+01       3.14689e-06      
  8.95751e+01       1.02756e-06      
  8.98112e+01       3.21111e-07      
  9.00472e+01       0.00000e+00      
  9.02832e+01       0.00000e+00      
  9.05193e+01       0.00000e+00      
  9.07553e+01       0.00000e+00      
  9.09914e+01       0.00000e+00      
  9.12274e+01       0.00000e+00      
  9.14634e+01       0.00000e+00      
  9.16995e+01       0.00000e+00      
  9.19355e+01       0.00000e+00      
  9.21715e+01       0.00000e+00      
  9.24076e+01       0.00000e+00      
  9.26436e+01       0.00000e+00      
  9.28796e+01       0.00000e+00      
  9.31157e+01       0.00000e+00      
  9.33517e+01       0.00000e+00      
  9.35877e+01       0.00000e+00      
  9.38238e+01       0.00000e+00      
  9.40598e+01       0.00000e+00      
  9.42958e+01       0.00000e+00      
