# r                 p(r)             
  1.17965e-01       6.68731e-08      
  3.53896e-01       7.35604e-07      
  5.89827e-01       1.06997e-06      
  8.25757e-01       2.87554e-06      
  1.06169e+00       4.68112e-06      
  1.29762e+00       5.01548e-06      
  1.53355e+00       8.29227e-06      
  1.76948e+00       1.09003e-05      
  2.00541e+00       1.39765e-05      
  2.24134e+00       1.67852e-05      
  2.47727e+00       2.01288e-05      
  2.71320e+00       2.59468e-05      
  2.94913e+00       2.86217e-05      
  3.18506e+00       3.24335e-05      
  3.42099e+00       4.32000e-05      
  3.65693e+00       3.95220e-05      
  3.89286e+00       4.70787e-05      
  4.12879e+00       5.73771e-05      
  4.36472e+00       5.89152e-05      
  4.60065e+00       6.30614e-05      
  4.83658e+00       7.32930e-05      
  5.07251e+00       7.32930e-05      
  5.30844e+00       8.08496e-05      
  5.54437e+00       8.80719e-05      
  5.78030e+00       9.75010e-05      
  6.01623e+00       9.86379e-05      
  6.25216e+00       1.06596e-04      
  6.48809e+00       1.16493e-04      
  6.72402e+00       1.20706e-04      
  6.95995e+00       1.26056e-04      
  7.19588e+00       1.33746e-04      
  7.43182e+00       1.40701e-04      
  7.66775e+00       1.52471e-04      
  7.90368e+00       1.57954e-04      
  8.13961e+00       1.60696e-04      
  8.37554e+00       1.72198e-04      
  8.61147e+00       1.78551e-04      
  8.84740e+00       1.76746e-04      
  9.08333e+00       1.93598e-04      
  9.31926e+00       1.95403e-04      
  9.55519e+00       2.03428e-04      
  9.79112e+00       2.13660e-04      
  1.00271e+01       2.00285e-04      
  1.02630e+01       2.18073e-04      
  1.04989e+01       2.25496e-04      
  1.07348e+01       2.28439e-04      
  1.09708e+01       2.28238e-04      
  1.12067e+01       2.39205e-04      
  1.14426e+01       2.35594e-04      
  1.16786e+01       2.44154e-04      
  1.19145e+01       2.59468e-04      
  1.21504e+01       2.54452e-04      
  1.23864e+01       2.65353e-04      
  1.26223e+01       2.73177e-04      
  1.28582e+01       2.70569e-04      
  1.30942e+01       2.69967e-04      
  1.33301e+01       2.73979e-04      
  1.35660e+01       2.75250e-04      
  1.38019e+01       2.81803e-04      
  1.40379e+01       2.88290e-04      
  1.42738e+01       2.84679e-04      
  1.45097e+01       2.79530e-04      
  1.47457e+01       2.84478e-04      
  1.49816e+01       2.89628e-04      
  1.52175e+01       2.91567e-04      
  1.54535e+01       2.92904e-04      
  1.56894e+01       2.74648e-04      
  1.59253e+01       2.82205e-04      
  1.61612e+01       2.85415e-04      
  1.63972e+01       2.75919e-04      
  1.66331e+01       2.81202e-04      
  1.68690e+01       2.77791e-04      
  1.71050e+01       2.95780e-04      
  1.73409e+01       2.91099e-04      
  1.75768e+01       2.77055e-04      
  1.78128e+01       2.74715e-04      
  1.80487e+01       2.76253e-04      
  1.82846e+01       2.82271e-04      
  1.85206e+01       2.75919e-04      
  1.87565e+01       2.70836e-04      
  1.89924e+01       2.76253e-04      
  1.92283e+01       2.76989e-04      
  1.94643e+01       2.68161e-04      
  1.97002e+01       2.48166e-04      
  1.99361e+01       2.54586e-04      
  2.01721e+01       2.62343e-04      
  2.04080e+01       2.50507e-04      
  2.06439e+01       2.56659e-04      
  2.08799e+01       2.47431e-04      
  2.11158e+01       2.44555e-04      
  2.13517e+01       2.46294e-04      
  2.15877e+01       2.25563e-04      
  2.18236e+01       2.26901e-04      
  2.20595e+01       2.25162e-04      
  2.22954e+01       1.98413e-04      
  2.25314e+01       2.14462e-04      
  2.27673e+01       2.15265e-04      
  2.30032e+01       2.00486e-04      
  2.32392e+01       1.93263e-04      
  2.34751e+01       2.03963e-04      
  2.37110e+01       1.97610e-04      
  2.39470e+01       2.05167e-04      
  2.41829e+01       1.82497e-04      
  2.44188e+01       1.78217e-04      
  2.46548e+01       1.86844e-04      
  2.48907e+01       1.60496e-04      
  2.51266e+01       1.72666e-04      
  2.53625e+01       1.64508e-04      
  2.55985e+01       1.43978e-04      
  2.58344e+01       1.37491e-04      
  2.60703e+01       1.36020e-04      
  2.63063e+01       1.27928e-04      
  2.65422e+01       1.46987e-04      
  2.67781e+01       1.45717e-04      
  2.70141e+01       1.20439e-04      
  2.72500e+01       1.21508e-04      
  2.74859e+01       1.13149e-04      
  2.77219e+01       7.34936e-05      
  2.79578e+01       1.08334e-04      
  2.81937e+01       7.73053e-05      
  2.84296e+01       7.52323e-05      
  2.86656e+01       7.33598e-05      
  2.89015e+01       8.09834e-05      
  2.91374e+01       8.32571e-05      
  2.93734e+01       4.18626e-05      
  2.96093e+01       5.53041e-05      
  2.98452e+01       4.56743e-05      
  3.00812e+01       4.55406e-05      
  3.03171e+01       3.55765e-05      
  3.05530e+01       3.73152e-05      
  3.07889e+01       1.59158e-05      
  3.10249e+01       1.75208e-05      
  3.12608e+01       1.85907e-05      
  3.14967e+01       -1.96607e-05     
  3.17327e+01       5.14923e-06      
  3.19686e+01       -7.69041e-06     
  3.22045e+01       -1.99951e-05     
  3.24405e+01       -1.45115e-05     
  3.26764e+01       -3.58440e-05     
  3.29123e+01       -1.57152e-05     
  3.31483e+01       -3.86527e-05     
  3.33842e+01       -3.40384e-05     
  3.36201e+01       -4.10601e-05     
  3.38560e+01       -5.59728e-05     
  3.40920e+01       -6.57363e-05     
  3.43279e+01       -5.88484e-05     
  3.45638e+01       -7.92447e-05     
  3.47998e+01       -9.82366e-05     
  3.50357e+01       -7.99134e-05     
  3.52716e+01       -8.66007e-05     
  3.55076e+01       -1.18967e-04     
  3.57435e+01       -1.07733e-04     
  3.59794e+01       -1.30871e-04     
  3.62154e+01       -1.49395e-04     
  3.64513e+01       -1.16359e-04     
  3.66872e+01       -1.39297e-04     
  3.69231e+01       -1.23247e-04     
  3.71591e+01       -1.46318e-04     
  3.73950e+01       -1.54744e-04     
  3.76309e+01       -1.20572e-04     
  3.78669e+01       -1.59492e-04     
  3.81028e+01       -1.53942e-04     
  3.83387e+01       -1.78952e-04     
  3.85747e+01       -1.67383e-04     
  3.88106e+01       -1.75809e-04     
  3.90465e+01       -1.80691e-04     
  3.92825e+01       -1.81962e-04     
  3.95184e+01       -1.64709e-04     
  3.97543e+01       -2.02826e-04     
  3.99902e+01       -2.05836e-04     
  4.02262e+01       -2.13860e-04     
  4.04621e+01       -2.02893e-04     
  4.06980e+01       -1.97075e-04     
  4.09340e+01       -2.09982e-04     
  4.11699e+01       -2.09781e-04     
  4.14058e+01       -2.05033e-04     
  4.16418e+01       -2.16468e-04     
  4.18777e+01       -2.26299e-04     
  4.21136e+01       -2.39606e-04     
  4.23496e+01       -2.39740e-04     
  4.25855e+01       -2.24359e-04     
  4.28214e+01       -2.15666e-04     
  4.30573e+01       -2.31849e-04     
  4.32933e+01       -2.38804e-04     
  4.35292e+01       -2.42549e-04     
  4.37651e+01       -2.76320e-04     
  4.40011e+01       -2.55723e-04     
  4.42370e+01       -2.41679e-04     
  4.44729e+01       -2.48902e-04     
  4.47089e+01       -2.38068e-04     
  4.49448e+01       -2.59735e-04     
  4.51807e+01       -2.48701e-04     
  4.54166e+01       -2.53315e-04     
  4.56526e+01       -2.53516e-04     
  4.58885e+01       -2.69766e-04     
  4.61244e+01       -2.29642e-04     
  4.63604e+01       -2.66824e-04     
  4.65963e+01       -2.49504e-04     
  4.68322e+01       -2.50908e-04     
  4.70682e+01       -2.63346e-04     
  4.73041e+01       -2.67426e-04     
  4.75400e+01       -2.63413e-04     
  4.77760e+01       -2.36330e-04     
  4.80119e+01       -2.27971e-04     
  4.82478e+01       -2.29375e-04     
  4.84837e+01       -2.49504e-04     
  4.87197e+01       -2.42883e-04     
  4.89556e+01       -2.19544e-04     
  4.91915e+01       -2.40342e-04     
  4.94275e+01       -2.14997e-04     
  4.96634e+01       -2.40676e-04     
  4.98993e+01       -2.13593e-04     
  5.01353e+01       -2.08912e-04     
  5.03712e+01       -1.88114e-04     
  5.06071e+01       -1.93464e-04     
  5.08431e+01       -1.71931e-04     
  5.10790e+01       -1.56884e-04     
  5.13149e+01       -1.74472e-04     
  5.15508e+01       -1.71463e-04     
  5.17868e+01       -1.64976e-04     
  5.20227e+01       -1.37826e-04     
  5.22586e+01       -1.46920e-04     
  5.24946e+01       -1.28798e-04     
  5.27305e+01       -1.19369e-04     
  5.29664e+01       -1.06195e-04     
  5.32024e+01       -1.05392e-04     
  5.34383e+01       -1.15423e-04     
  5.36742e+01       -7.57004e-05     
  5.39102e+01       -4.78812e-05     
  5.41461e+01       -4.70787e-05     
  5.43820e+01       -1.35084e-05     
  5.46179e+01       -2.79530e-05     
  5.48539e+01       -2.67493e-06     
  5.50898e+01       2.13325e-05      
  5.53257e+01       3.45734e-05      
  5.55617e+01       6.15233e-06      
  5.57976e+01       4.11270e-05      
  5.60335e+01       7.75728e-05      
  5.62695e+01       8.96769e-05      
  5.65054e+01       9.91060e-05      
  5.67413e+01       1.15022e-04      
  5.69772e+01       1.27661e-04      
  5.72132e+01       1.50933e-04      
  5.74491e+01       1.64174e-04      
  5.76850e+01       2.05836e-04      
  5.79210e+01       1.96674e-04      
  5.81569e+01       2.17806e-04      
  5.83928e+01       2.40008e-04      
  5.86288e+01       2.69632e-04      
  5.88647e+01       2.74648e-04      
  5.91006e+01       3.03470e-04      
  5.93366e+01       3.44464e-04      
  5.95725e+01       3.62118e-04      
  5.98084e+01       3.60446e-04      
  6.00443e+01       3.80575e-04      
  6.02803e+01       4.12072e-04      
  6.05162e+01       4.48384e-04      
  6.07521e+01       4.71188e-04      
  6.09881e+01       4.84563e-04      
  6.12240e+01       5.23750e-04      
  6.14599e+01       5.46153e-04      
  6.16959e+01       5.48226e-04      
  6.19318e+01       5.55716e-04      
  6.21677e+01       5.84070e-04      
  6.24037e+01       6.04734e-04      
  6.26396e+01       6.32085e-04      
  6.28755e+01       6.51946e-04      
  6.31115e+01       6.66658e-04      
  6.33474e+01       6.99894e-04      
  6.35833e+01       7.08922e-04      
  6.38192e+01       7.20959e-04      
  6.40552e+01       7.70044e-04      
  6.42911e+01       7.60548e-04      
  6.45270e+01       7.92179e-04      
  6.47630e+01       7.95055e-04      
  6.49989e+01       8.05621e-04      
  6.52348e+01       8.38121e-04      
  6.54708e+01       8.72561e-04      
  6.57067e+01       8.71691e-04      
  6.59426e+01       8.98507e-04      
  6.61785e+01       8.75169e-04      
  6.64145e+01       9.09341e-04      
  6.66504e+01       9.20843e-04      
  6.68863e+01       9.46255e-04      
  6.71223e+01       9.33348e-04      
  6.73582e+01       9.61368e-04      
  6.75941e+01       9.74275e-04      
  6.78301e+01       9.67520e-04      
  6.80660e+01       9.73405e-04      
  6.83019e+01       9.94136e-04      
  6.85379e+01       1.02510e-03      
  6.87738e+01       1.01467e-03      
  6.90097e+01       1.03112e-03      
  6.92456e+01       1.02684e-03      
  6.94816e+01       1.02035e-03      
  6.97175e+01       1.01640e-03      
  6.99534e+01       1.02169e-03      
  7.01894e+01       1.06021e-03      
  7.04253e+01       1.02630e-03      
  7.06612e+01       1.04001e-03      
  7.08972e+01       1.03065e-03      
  7.11331e+01       1.02797e-03      
  7.13690e+01       1.01781e-03      
  7.16049e+01       1.02697e-03      
  7.18409e+01       1.02102e-03      
  7.20768e+01       1.02744e-03      
  7.23127e+01       1.01132e-03      
  7.25487e+01       1.01279e-03      
  7.27846e+01       9.99954e-04      
  7.30205e+01       1.00744e-03      
  7.32565e+01       9.80226e-04      
  7.34924e+01       9.69794e-04      
  7.37283e+01       9.49933e-04      
  7.39643e+01       9.17499e-04      
  7.42002e+01       9.23317e-04      
  7.44361e+01       9.05328e-04      
  7.46721e+01       8.89680e-04      
  7.49080e+01       8.84464e-04      
  7.51439e+01       8.49423e-04      
  7.53798e+01       8.31567e-04      
  7.56158e+01       8.06423e-04      
  7.58517e+01       7.91577e-04      
  7.60876e+01       7.55934e-04      
  7.63236e+01       7.35404e-04      
  7.65595e+01       7.28850e-04      
  7.67954e+01       6.92672e-04      
  7.70314e+01       6.81504e-04      
  7.72673e+01       6.61175e-04      
  7.75032e+01       6.41447e-04      
  7.77392e+01       6.27604e-04      
  7.79751e+01       6.06004e-04      
  7.82110e+01       5.88283e-04      
  7.84469e+01       5.57388e-04      
  7.86829e+01       5.41539e-04      
  7.89188e+01       5.22145e-04      
  7.91547e+01       5.11178e-04      
  7.93907e+01       4.96934e-04      
  7.96266e+01       4.77875e-04      
  7.98625e+01       4.60087e-04      
  8.00985e+01       4.37751e-04      
  8.03344e+01       4.17355e-04      
  8.05703e+01       4.03914e-04      
  8.08062e+01       3.86527e-04      
  8.10422e+01       3.61583e-04      
  8.12781e+01       3.53491e-04      
  8.15140e+01       3.36773e-04      
  8.17500e+01       3.14371e-04      
  8.19859e+01       3.00127e-04      
  8.22218e+01       2.91701e-04      
  8.24578e+01       2.68496e-04      
  8.26937e+01       2.57729e-04      
  8.29296e+01       2.42749e-04      
  8.31656e+01       2.25362e-04      
  8.34015e+01       2.07173e-04      
  8.36374e+01       1.98346e-04      
  8.38733e+01       1.83433e-04      
  8.41093e+01       1.66648e-04      
  8.43452e+01       1.62100e-04      
  8.45811e+01       1.47856e-04      
  8.48171e+01       1.36087e-04      
  8.50530e+01       1.27594e-04      
  8.52889e+01       1.12949e-04      
  8.55249e+01       9.77685e-05      
  8.57608e+01       9.19506e-05      
  8.59967e+01       8.11171e-05      
  8.62327e+01       7.54329e-05      
  8.64686e+01       6.72744e-05      
  8.67045e+01       5.63741e-05      
  8.69404e+01       4.79480e-05      
  8.71764e+01       3.97895e-05      
  8.74123e+01       3.36372e-05      
  8.76482e+01       2.86217e-05      
  8.78842e+01       2.44756e-05      
  8.81201e+01       1.89920e-05      
  8.83560e+01       1.65845e-05      
  8.85920e+01       9.76348e-06      
  8.88279e+01       7.48979e-06      
  8.90638e+01       5.08236e-06      
  8.92998e+01       2.87554e-06      
  8.95357e+01       1.40434e-06      
  8.97716e+01       3.34366e-07      
  9.00075e+01       0.00000e+00      
  9.02435e+01       0.00000e+00      
  9.04794e+01       0.00000e+00      
  9.07153e+01       0.00000e+00      
  9.09513e+01       0.00000e+00      
  9.11872e+01       0.00000e+00      
  9.14231e+01       0.00000e+00      
  9.16591e+01       0.00000e+00      
  9.18950e+01       0.00000e+00      
  9.21309e+01       0.00000e+00      
  9.23669e+01       0.00000e+00      
  9.26028e+01       0.00000e+00      
  9.28387e+01       0.00000e+00      
  9.30746e+01       0.00000e+00      
  9.33106e+01       0.00000e+00      
  9.35465e+01       0.00000e+00      
  9.37824e+01       0.00000e+00      
  9.40184e+01       0.00000e+00      
  9.42543e+01       0.00000e+00      
