# r                 p(r)             
  1.64918e+00       3.07042e-05      
  4.94755e+00       2.11000e-04      
  8.24592e+00       5.45299e-04      
  1.15443e+01       1.02135e-03      
  1.48427e+01       1.62639e-03      
  1.81410e+01       2.31052e-03      
  2.14394e+01       3.06887e-03      
  2.47378e+01       3.90703e-03      
  2.80361e+01       4.77272e-03      
  3.13345e+01       5.63368e-03      
  3.46329e+01       6.53287e-03      
  3.79312e+01       7.39837e-03      
  4.12296e+01       8.24254e-03      
  4.45280e+01       9.07773e-03      
  4.78264e+01       9.82362e-03      
  5.11247e+01       1.05262e-02      
  5.44231e+01       1.11606e-02      
  5.77215e+01       1.16734e-02      
  6.10198e+01       1.21020e-02      
  6.43182e+01       1.24458e-02      
  6.76166e+01       1.26767e-02      
  7.09149e+01       1.28173e-02      
  7.42133e+01       1.27975e-02      
  7.75117e+01       1.26992e-02      
  8.08100e+01       1.24390e-02      
  8.41084e+01       1.21246e-02      
  8.74068e+01       1.17183e-02      
  9.07052e+01       1.12488e-02      
  9.40035e+01       1.06866e-02      
  9.73019e+01       1.01316e-02      
  1.00600e+02       9.60996e-03      
  1.03899e+02       9.21643e-03      
  1.07197e+02       8.90777e-03      
  1.10495e+02       8.59436e-03      
  1.13794e+02       8.33202e-03      
  1.17092e+02       8.10492e-03      
  1.20390e+02       7.85771e-03      
  1.23689e+02       7.65504e-03      
  1.26987e+02       7.44741e-03      
  1.30286e+02       7.24226e-03      
  1.33584e+02       7.03659e-03      
  1.36882e+02       6.86487e-03      
  1.40181e+02       6.68576e-03      
  1.43479e+02       6.52100e-03      
  1.46777e+02       6.34990e-03      
  1.50076e+02       6.18781e-03      
  1.53374e+02       6.05036e-03      
  1.56673e+02       5.88633e-03      
  1.59971e+02       5.73735e-03      
  1.63269e+02       5.58010e-03      
  1.66568e+02       5.45755e-03      
  1.69866e+02       5.31371e-03      
  1.73164e+02       5.18020e-03      
  1.76463e+02       5.03698e-03      
  1.79761e+02       4.89173e-03      
  1.83059e+02       4.75196e-03      
  1.86358e+02       4.62199e-03      
  1.89656e+02       4.47264e-03      
  1.92955e+02       4.33211e-03      
  1.96253e+02       4.19177e-03      
  1.99551e+02       4.04238e-03      
  2.02850e+02       3.90257e-03      
  2.06148e+02       3.79154e-03      
  2.09446e+02       3.65138e-03      
  2.12745e+02       3.51099e-03      
  2.16043e+02       3.36843e-03      
  2.19342e+02       3.24370e-03      
  2.22640e+02       3.11779e-03      
  2.25938e+02       2.97519e-03      
  2.29237e+02       2.85284e-03      
  2.32535e+02       2.71260e-03      
  2.35833e+02       2.57847e-03      
  2.39132e+02       2.42772e-03      
  2.42430e+02       2.29159e-03      
  2.45729e+02       2.15796e-03      
  2.49027e+02       2.02724e-03      
  2.52325e+02       1.89416e-03      
  2.55624e+02       1.76168e-03      
  2.58922e+02       1.65566e-03      
  2.62220e+02       1.52877e-03      
  2.65519e+02       1.41727e-03      
  2.68817e+02       1.29394e-03      
  2.72115e+02       1.17052e-03      
  2.75414e+02       1.03834e-03      
  2.78712e+02       9.15683e-04      
  2.82011e+02       8.00648e-04      
  2.85309e+02       6.64062e-04      
  2.88607e+02       5.36130e-04      
  2.91906e+02       4.15824e-04      
  2.95204e+02       3.00071e-04      
  2.98502e+02       1.81886e-04      
  3.01801e+02       8.97891e-05      
  3.05099e+02       3.78306e-05      
  3.08398e+02       1.21632e-05      
  3.11696e+02       1.90244e-06      
  3.14994e+02       1.55938e-08      
  3.18293e+02       0.00000e+00      
  3.21591e+02       0.00000e+00      
  3.24889e+02       0.00000e+00      
  3.28188e+02       0.00000e+00      
