# r                 p(r)             
  1.17968e-01       8.06439e-08      
  3.53903e-01       2.82254e-07      
  5.89838e-01       1.04837e-06      
  8.25774e-01       2.86286e-06      
  1.06171e+00       3.99187e-06      
  1.29764e+00       6.08861e-06      
  1.53358e+00       9.27404e-06      
  1.76952e+00       1.11692e-05      
  2.00545e+00       1.52014e-05      
  2.24139e+00       1.72578e-05      
  2.47732e+00       2.04029e-05      
  2.71326e+00       2.51206e-05      
  2.94919e+00       3.09269e-05      
  3.18513e+00       3.24592e-05      
  3.42106e+00       3.74188e-05      
  3.65700e+00       4.32251e-05      
  3.89293e+00       4.70154e-05      
  4.12887e+00       5.56846e-05      
  4.36480e+00       6.11280e-05      
  4.60074e+00       6.58860e-05      
  4.83667e+00       7.18940e-05      
  5.07261e+00       7.85471e-05      
  5.30855e+00       8.24583e-05      
  5.54448e+00       9.01195e-05      
  5.78042e+00       9.64501e-05      
  6.01635e+00       1.02256e-04      
  6.25229e+00       1.06692e-04      
  6.48822e+00       1.13063e-04      
  6.72416e+00       1.28950e-04      
  6.96009e+00       1.27579e-04      
  7.19603e+00       1.31772e-04      
  7.43196e+00       1.40240e-04      
  7.66790e+00       1.42941e-04      
  7.90383e+00       1.53102e-04      
  8.13977e+00       1.62497e-04      
  8.37570e+00       1.66126e-04      
  8.61164e+00       1.68747e-04      
  8.84758e+00       1.79231e-04      
  9.08351e+00       1.87134e-04      
  9.31945e+00       1.90481e-04      
  9.55538e+00       2.00763e-04      
  9.79132e+00       2.06166e-04      
  1.00273e+01       2.11932e-04      
  1.02632e+01       2.14392e-04      
  1.04991e+01       2.17940e-04      
  1.07351e+01       2.27537e-04      
  1.09710e+01       2.33262e-04      
  1.12069e+01       2.31932e-04      
  1.14429e+01       2.41085e-04      
  1.16788e+01       2.46569e-04      
  1.19147e+01       2.46327e-04      
  1.21507e+01       2.54431e-04      
  1.23866e+01       2.53665e-04      
  1.26225e+01       2.61367e-04      
  1.28585e+01       2.60117e-04      
  1.30944e+01       2.67455e-04      
  1.33303e+01       2.67939e-04      
  1.35663e+01       2.69028e-04      
  1.38022e+01       2.68342e-04      
  1.40382e+01       2.74673e-04      
  1.42741e+01       2.71165e-04      
  1.45100e+01       2.72052e-04      
  1.47460e+01       2.71770e-04      
  1.49819e+01       2.78504e-04      
  1.52178e+01       2.75600e-04      
  1.54538e+01       2.69955e-04      
  1.56897e+01       2.65923e-04      
  1.59256e+01       2.64109e-04      
  1.61616e+01       2.72697e-04      
  1.63975e+01       2.62697e-04      
  1.66334e+01       2.60923e-04      
  1.68694e+01       2.64310e-04      
  1.71053e+01       2.68141e-04      
  1.73412e+01       2.62052e-04      
  1.75772e+01       2.51931e-04      
  1.78131e+01       2.57214e-04      
  1.80491e+01       2.54472e-04      
  1.82850e+01       2.47778e-04      
  1.85209e+01       2.49512e-04      
  1.87569e+01       2.53383e-04      
  1.89928e+01       2.44673e-04      
  1.92287e+01       2.45762e-04      
  1.94647e+01       2.43706e-04      
  1.97006e+01       2.37375e-04      
  1.99365e+01       2.43020e-04      
  2.01725e+01       2.29150e-04      
  2.04084e+01       2.22537e-04      
  2.06443e+01       2.23424e-04      
  2.08803e+01       2.33908e-04      
  2.11162e+01       2.28101e-04      
  2.13521e+01       2.06126e-04      
  2.15881e+01       2.18424e-04      
  2.18240e+01       2.04029e-04      
  2.20600e+01       2.01166e-04      
  2.22959e+01       1.92255e-04      
  2.25318e+01       1.93989e-04      
  2.27678e+01       1.86247e-04      
  2.30037e+01       1.97497e-04      
  2.32396e+01       1.79513e-04      
  2.34756e+01       1.66530e-04      
  2.37115e+01       1.78223e-04      
  2.39474e+01       1.73546e-04      
  2.41834e+01       1.65441e-04      
  2.44193e+01       1.56772e-04      
  2.46552e+01       1.67296e-04      
  2.48912e+01       1.58949e-04      
  2.51271e+01       1.57135e-04      
  2.53631e+01       1.55199e-04      
  2.55990e+01       1.51489e-04      
  2.58349e+01       1.47740e-04      
  2.60709e+01       1.15401e-04      
  2.63068e+01       1.24111e-04      
  2.65427e+01       1.27175e-04      
  2.67787e+01       1.19756e-04      
  2.70146e+01       1.25321e-04      
  2.72505e+01       8.60470e-05      
  2.74865e+01       1.23667e-04      
  2.77224e+01       9.25388e-05      
  2.79583e+01       1.04998e-04      
  2.81943e+01       9.89500e-05      
  2.84302e+01       7.66117e-05      
  2.86661e+01       7.49585e-05      
  2.89021e+01       7.47972e-05      
  2.91380e+01       7.48778e-05      
  2.93740e+01       7.43133e-05      
  2.96099e+01       5.88700e-05      
  2.98458e+01       4.66928e-05      
  3.00818e+01       5.42733e-05      
  3.03177e+01       4.43541e-05      
  3.05536e+01       4.61283e-05      
  3.07896e+01       1.90723e-05      
  3.10255e+01       2.55238e-05      
  3.12614e+01       2.21771e-05      
  3.14974e+01       1.91932e-05      
  3.17333e+01       1.61691e-05      
  3.19692e+01       7.78213e-06      
  3.22052e+01       1.69352e-05      
  3.24411e+01       -1.25401e-05     
  3.26770e+01       -2.61689e-05     
  3.29130e+01       -2.31851e-05     
  3.31489e+01       -2.52415e-05     
  3.33848e+01       -1.43546e-05     
  3.36208e+01       -3.80639e-05     
  3.38567e+01       -2.91528e-05     
  3.40927e+01       -3.42333e-05     
  3.43286e+01       -4.11284e-05     
  3.45645e+01       -4.12897e-05     
  3.48005e+01       -3.83865e-05     
  3.50364e+01       -6.36683e-05     
  3.52723e+01       -5.65717e-05     
  3.55083e+01       -7.18537e-05     
  3.57442e+01       -7.33456e-05     
  3.59801e+01       -8.43938e-05     
  3.62161e+01       -8.18535e-05     
  3.64520e+01       -8.93534e-05     
  3.66880e+01       -9.60468e-05     
  3.69239e+01       -9.79823e-05     
  3.71598e+01       -1.00684e-04     
  3.73958e+01       -1.16167e-04     
  3.76317e+01       -9.86678e-05     
  3.78676e+01       -1.22821e-04     
  3.81036e+01       -1.24151e-04     
  3.83395e+01       -1.37054e-04     
  3.85754e+01       -1.39796e-04     
  3.88114e+01       -1.21732e-04     
  3.90473e+01       -1.46973e-04     
  3.92832e+01       -1.52820e-04     
  3.95192e+01       -1.50441e-04     
  3.97551e+01       -1.48990e-04     
  3.99910e+01       -1.47498e-04     
  4.02270e+01       -1.62699e-04     
  4.04629e+01       -1.58828e-04     
  4.06988e+01       -1.59151e-04     
  4.09348e+01       -1.70199e-04     
  4.11707e+01       -1.87336e-04     
  4.14067e+01       -1.57901e-04     
  4.16426e+01       -1.83384e-04     
  4.18785e+01       -1.90682e-04     
  4.21145e+01       -1.90320e-04     
  4.23504e+01       -2.08021e-04     
  4.25863e+01       -1.93223e-04     
  4.28223e+01       -1.92295e-04     
  4.30582e+01       -1.94432e-04     
  4.32941e+01       -2.00602e-04     
  4.35301e+01       -2.08222e-04     
  4.37660e+01       -2.29996e-04     
  4.40019e+01       -2.21730e-04     
  4.42379e+01       -2.15117e-04     
  4.44738e+01       -2.31448e-04     
  4.47097e+01       -2.09392e-04     
  4.49457e+01       -2.03384e-04     
  4.51816e+01       -2.24109e-04     
  4.54176e+01       -2.20440e-04     
  4.56535e+01       -2.13101e-04     
  4.58894e+01       -2.12577e-04     
  4.61254e+01       -2.39512e-04     
  4.63613e+01       -2.24029e-04     
  4.65972e+01       -2.36972e-04     
  4.68332e+01       -2.24593e-04     
  4.70691e+01       -2.16609e-04     
  4.73050e+01       -2.08182e-04     
  4.75410e+01       -2.14150e-04     
  4.77769e+01       -2.22900e-04     
  4.80128e+01       -2.25319e-04     
  4.82488e+01       -2.20158e-04     
  4.84847e+01       -2.17698e-04     
  4.87206e+01       -2.21730e-04     
  4.89566e+01       -2.19432e-04     
  4.91925e+01       -2.24230e-04     
  4.94285e+01       -2.25883e-04     
  4.96644e+01       -2.15561e-04     
  4.99003e+01       -2.05964e-04     
  5.01363e+01       -1.99029e-04     
  5.03722e+01       -1.75078e-04     
  5.06081e+01       -1.86529e-04     
  5.08441e+01       -1.80763e-04     
  5.10800e+01       -1.72094e-04     
  5.13159e+01       -1.60360e-04     
  5.15519e+01       -1.64917e-04     
  5.17878e+01       -1.70481e-04     
  5.20237e+01       -1.55199e-04     
  5.22597e+01       -1.47981e-04     
  5.24956e+01       -1.45804e-04     
  5.27316e+01       -1.31772e-04     
  5.29675e+01       -1.19837e-04     
  5.32034e+01       -1.07821e-04     
  5.34394e+01       -9.75388e-05     
  5.36753e+01       -8.53212e-05     
  5.39112e+01       -9.89500e-05     
  5.41472e+01       -6.22167e-05     
  5.43831e+01       -5.53217e-05     
  5.46190e+01       -4.77815e-05     
  5.48550e+01       -5.27814e-05     
  5.50909e+01       -2.09271e-05     
  5.53268e+01       -1.75804e-05     
  5.55628e+01       1.45562e-05      
  5.57987e+01       2.34674e-05      
  5.60346e+01       3.89510e-05      
  5.62706e+01       5.64507e-05      
  5.65065e+01       6.68538e-05      
  5.67425e+01       8.23374e-05      
  5.69784e+01       8.51599e-05      
  5.72143e+01       1.07700e-04      
  5.74503e+01       1.27659e-04      
  5.76862e+01       1.57699e-04      
  5.79221e+01       1.63546e-04      
  5.81581e+01       1.96569e-04      
  5.83940e+01       2.14755e-04      
  5.86299e+01       2.23867e-04      
  5.88659e+01       2.53504e-04      
  5.91018e+01       2.91649e-04      
  5.93377e+01       2.81850e-04      
  5.95737e+01       3.20277e-04      
  5.98096e+01       3.47938e-04      
  6.00455e+01       3.71970e-04      
  6.02815e+01       3.93542e-04      
  6.05174e+01       4.12332e-04      
  6.07534e+01       4.34872e-04      
  6.09893e+01       4.67573e-04      
  6.12252e+01       4.86726e-04      
  6.14612e+01       4.96444e-04      
  6.16971e+01       5.13540e-04      
  6.19330e+01       5.41604e-04      
  6.21690e+01       5.87612e-04      
  6.24049e+01       5.74668e-04      
  6.26408e+01       6.29183e-04      
  6.28768e+01       6.27127e-04      
  6.31127e+01       6.62973e-04      
  6.33486e+01       6.68981e-04      
  6.35846e+01       7.08174e-04      
  6.38205e+01       7.09787e-04      
  6.40564e+01       7.33295e-04      
  6.42924e+01       7.40351e-04      
  6.45283e+01       7.59826e-04      
  6.47643e+01       7.83495e-04      
  6.50002e+01       7.89705e-04      
  6.52361e+01       8.22608e-04      
  6.54721e+01       8.43535e-04      
  6.57080e+01       8.56559e-04      
  6.59439e+01       8.75026e-04      
  6.61799e+01       9.00066e-04      
  6.64158e+01       9.09582e-04      
  6.66517e+01       8.95227e-04      
  6.68877e+01       9.19864e-04      
  6.71236e+01       9.42686e-04      
  6.73595e+01       9.47848e-04      
  6.75955e+01       9.65025e-04      
  6.78314e+01       9.76154e-04      
  6.80674e+01       9.72726e-04      
  6.83033e+01       9.78129e-04      
  6.85392e+01       1.00498e-03      
  6.87752e+01       1.00744e-03      
  6.90111e+01       1.02152e-03      
  6.92470e+01       1.04006e-03      
  6.94830e+01       1.03212e-03      
  6.97189e+01       1.04103e-03      
  6.99548e+01       1.03462e-03      
  7.01908e+01       1.04418e-03      
  7.04267e+01       1.05777e-03      
  7.06626e+01       1.05583e-03      
  7.08986e+01       1.04720e-03      
  7.11345e+01       1.03857e-03      
  7.13704e+01       1.03918e-03      
  7.16064e+01       1.03398e-03      
  7.18423e+01       1.02446e-03      
  7.20782e+01       1.01623e-03      
  7.23142e+01       1.02293e-03      
  7.25501e+01       1.00523e-03      
  7.27861e+01       9.98774e-04      
  7.30220e+01       9.91919e-04      
  7.32579e+01       9.78815e-04      
  7.34939e+01       9.59984e-04      
  7.37298e+01       9.60872e-04      
  7.39657e+01       9.46678e-04      
  7.42017e+01       9.20348e-04      
  7.44376e+01       9.01356e-04      
  7.46735e+01       8.98534e-04      
  7.49095e+01       8.66639e-04      
  7.51454e+01       8.40833e-04      
  7.53813e+01       8.27325e-04      
  7.56173e+01       8.01560e-04      
  7.58532e+01       7.85955e-04      
  7.60892e+01       7.67367e-04      
  7.63251e+01       7.48456e-04      
  7.65610e+01       7.28053e-04      
  7.67970e+01       7.05916e-04      
  7.70329e+01       6.87529e-04      
  7.72688e+01       6.55191e-04      
  7.75048e+01       6.34466e-04      
  7.77407e+01       6.18337e-04      
  7.79766e+01       6.03095e-04      
  7.82126e+01       5.85757e-04      
  7.84485e+01       5.66725e-04      
  7.86844e+01       5.46604e-04      
  7.89204e+01       5.15193e-04      
  7.91563e+01       5.09468e-04      
  7.93922e+01       4.93661e-04      
  7.96282e+01       4.73984e-04      
  7.98641e+01       4.60597e-04      
  8.01001e+01       4.38622e-04      
  8.03360e+01       4.15800e-04      
  8.05719e+01       3.91929e-04      
  8.08079e+01       3.81970e-04      
  8.10438e+01       3.68986e-04      
  8.12797e+01       3.52252e-04      
  8.15157e+01       3.37172e-04      
  8.17516e+01       3.22616e-04      
  8.19875e+01       2.95036e-04      
  8.22235e+01       2.79229e-04      
  8.24594e+01       2.63423e-04      
  8.26953e+01       2.57214e-04      
  8.29313e+01       2.36649e-04      
  8.31672e+01       2.31367e-04      
  8.34032e+01       2.03706e-04      
  8.36391e+01       1.96529e-04      
  8.38750e+01       1.81771e-04      
  8.41110e+01       1.66933e-04      
  8.43469e+01       1.53062e-04      
  8.45828e+01       1.42014e-04      
  8.48188e+01       1.33748e-04      
  8.50547e+01       1.17780e-04      
  8.52906e+01       1.04756e-04      
  8.55266e+01       9.60872e-05      
  8.57625e+01       8.43938e-05      
  8.59984e+01       7.78213e-05      
  8.62344e+01       7.24585e-05      
  8.64703e+01       6.67328e-05      
  8.67062e+01       5.53217e-05      
  8.69422e+01       4.91121e-05      
  8.71781e+01       4.04832e-05      
  8.74140e+01       3.49188e-05      
  8.76500e+01       2.72576e-05      
  8.78859e+01       2.27012e-05      
  8.81219e+01       1.70562e-05      
  8.83578e+01       1.18950e-05      
  8.85937e+01       9.95952e-06      
  8.88297e+01       6.37086e-06      
  8.90656e+01       4.23380e-06      
  8.93015e+01       2.21771e-06      
  8.95375e+01       1.65320e-06      
  8.97734e+01       2.82254e-07      
  9.00093e+01       0.00000e+00      
  9.02453e+01       0.00000e+00      
  9.04812e+01       0.00000e+00      
  9.07171e+01       0.00000e+00      
  9.09531e+01       0.00000e+00      
  9.11890e+01       0.00000e+00      
  9.14249e+01       0.00000e+00      
  9.16609e+01       0.00000e+00      
  9.18968e+01       0.00000e+00      
  9.21328e+01       0.00000e+00      
  9.23687e+01       0.00000e+00      
  9.26046e+01       0.00000e+00      
  9.28406e+01       0.00000e+00      
  9.30765e+01       0.00000e+00      
  9.33124e+01       0.00000e+00      
  9.35484e+01       0.00000e+00      
  9.37843e+01       0.00000e+00      
  9.40202e+01       0.00000e+00      
  9.42562e+01       0.00000e+00      
