# r                 p(r)             
  1.17818e-01       6.81359e-08      
  3.53454e-01       4.08815e-07      
  5.89090e-01       1.90780e-06      
  8.24726e-01       1.97594e-06      
  1.06036e+00       3.61120e-06      
  1.29600e+00       6.40477e-06      
  1.53163e+00       8.78953e-06      
  1.76727e+00       1.12424e-05      
  2.00291e+00       1.36953e-05      
  2.23854e+00       1.88736e-05      
  2.47418e+00       2.26211e-05      
  2.70981e+00       2.75950e-05      
  2.94545e+00       3.31822e-05      
  3.18109e+00       3.82242e-05      
  3.41672e+00       4.06090e-05      
  3.65236e+00       4.79676e-05      
  3.88799e+00       5.46450e-05      
  4.12363e+00       6.03684e-05      
  4.35927e+00       6.95667e-05      
  4.59490e+00       7.53582e-05      
  4.83054e+00       8.19674e-05      
  5.06617e+00       9.36187e-05      
  5.30181e+00       9.75705e-05      
  5.53745e+00       1.12083e-04      
  5.77308e+00       1.19987e-04      
  6.00872e+00       1.26528e-04      
  6.24435e+00       1.34228e-04      
  6.47999e+00       1.38384e-04      
  6.71563e+00       1.51262e-04      
  6.95126e+00       1.58893e-04      
  7.18690e+00       1.74837e-04      
  7.42253e+00       1.85330e-04      
  7.65817e+00       2.01001e-04      
  7.89381e+00       2.08836e-04      
  8.12944e+00       2.23894e-04      
  8.36508e+00       2.36636e-04      
  8.60071e+00       2.51081e-04      
  8.83635e+00       2.58984e-04      
  9.07199e+00       2.70363e-04      
  9.30762e+00       2.83718e-04      
  9.54326e+00       2.95778e-04      
  9.77890e+00       3.13697e-04      
  1.00145e+01       3.26030e-04      
  1.02502e+01       3.38771e-04      
  1.04858e+01       3.58667e-04      
  1.07214e+01       3.72362e-04      
  1.09571e+01       3.72771e-04      
  1.11927e+01       3.98867e-04      
  1.14283e+01       4.19785e-04      
  1.16640e+01       4.13380e-04      
  1.18996e+01       4.41793e-04      
  1.21353e+01       4.35593e-04      
  1.23709e+01       4.67616e-04      
  1.26065e+01       4.82811e-04      
  1.28422e+01       5.04137e-04      
  1.30778e+01       5.17969e-04      
  1.33134e+01       5.31732e-04      
  1.35491e+01       5.49924e-04      
  1.37847e+01       5.70433e-04      
  1.40203e+01       5.87263e-04      
  1.42560e+01       6.01844e-04      
  1.44916e+01       6.18197e-04      
  1.47273e+01       6.22830e-04      
  1.49629e+01       6.55876e-04      
  1.51985e+01       6.71343e-04      
  1.54342e+01       6.86264e-04      
  1.56698e+01       7.11270e-04      
  1.59054e+01       7.14132e-04      
  1.61411e+01       7.48541e-04      
  1.63767e+01       7.57057e-04      
  1.66123e+01       7.88400e-04      
  1.68480e+01       8.00119e-04      
  1.70836e+01       8.11089e-04      
  1.73192e+01       8.32893e-04      
  1.75549e+01       8.43249e-04      
  1.77905e+01       8.73161e-04      
  1.80262e+01       8.79021e-04      
  1.82618e+01       9.11930e-04      
  1.84974e+01       9.14519e-04      
  1.87331e+01       9.33461e-04      
  1.89687e+01       9.55605e-04      
  1.92043e+01       9.88379e-04      
  1.94400e+01       9.96282e-04      
  1.96756e+01       1.02061e-03      
  1.99112e+01       1.02837e-03      
  2.01469e+01       1.05427e-03      
  2.03825e+01       1.06476e-03      
  2.06182e+01       1.08193e-03      
  2.08538e+01       1.11709e-03      
  2.10894e+01       1.13024e-03      
  2.13251e+01       1.15340e-03      
  2.15607e+01       1.16737e-03      
  2.17963e+01       1.19415e-03      
  2.20320e+01       1.22161e-03      
  2.22676e+01       1.23121e-03      
  2.25032e+01       1.23333e-03      
  2.27389e+01       1.29008e-03      
  2.29745e+01       1.28620e-03      
  2.32101e+01       1.29772e-03      
  2.34458e+01       1.30923e-03      
  2.36814e+01       1.33355e-03      
  2.39171e+01       1.35979e-03      
  2.41527e+01       1.38030e-03      
  2.43883e+01       1.40503e-03      
  2.46240e+01       1.41130e-03      
  2.48596e+01       1.41927e-03      
  2.50952e+01       1.43671e-03      
  2.53309e+01       1.47569e-03      
  2.55665e+01       1.50124e-03      
  2.58021e+01       1.52645e-03      
  2.60378e+01       1.51752e-03      
  2.62734e+01       1.55098e-03      
  2.65091e+01       1.56815e-03      
  2.67447e+01       1.57503e-03      
  2.69803e+01       1.58757e-03      
  2.72160e+01       1.61952e-03      
  2.74516e+01       1.64514e-03      
  2.76872e+01       1.64112e-03      
  2.79229e+01       1.67921e-03      
  2.81585e+01       1.68132e-03      
  2.83941e+01       1.69869e-03      
  2.86298e+01       1.72820e-03      
  2.88654e+01       1.73869e-03      
  2.91010e+01       1.74114e-03      
  2.93367e+01       1.77944e-03      
  2.95723e+01       1.78768e-03      
  2.98080e+01       1.82808e-03      
  3.00436e+01       1.79804e-03      
  3.02792e+01       1.83633e-03      
  3.05149e+01       1.84485e-03      
  3.07505e+01       1.87510e-03      
  3.09861e+01       1.87605e-03      
  3.12218e+01       1.91666e-03      
  3.14574e+01       1.90896e-03      
  3.16930e+01       1.92457e-03      
  3.19287e+01       1.94446e-03      
  3.21643e+01       1.94807e-03      
  3.24000e+01       1.96981e-03      
  3.26356e+01       1.99488e-03      
  3.28712e+01       1.98745e-03      
  3.31069e+01       2.01376e-03      
  3.33425e+01       2.06479e-03      
  3.35781e+01       2.05763e-03      
  3.38138e+01       2.05171e-03      
  3.40494e+01       2.06465e-03      
  3.42850e+01       2.07603e-03      
  3.45207e+01       2.11480e-03      
  3.47563e+01       2.12543e-03      
  3.49920e+01       2.11984e-03      
  3.52276e+01       2.12775e-03      
  3.54632e+01       2.16256e-03      
  3.56989e+01       2.15466e-03      
  3.59345e+01       2.16372e-03      
  3.61701e+01       2.18246e-03      
  3.64058e+01       2.20392e-03      
  3.66414e+01       2.22375e-03      
  3.68770e+01       2.22096e-03      
  3.71127e+01       2.20985e-03      
  3.73483e+01       2.24174e-03      
  3.75839e+01       2.25353e-03      
  3.78196e+01       2.24705e-03      
  3.80552e+01       2.25264e-03      
  3.82909e+01       2.28425e-03      
  3.85265e+01       2.27076e-03      
  3.87621e+01       2.28718e-03      
  3.89978e+01       2.31348e-03      
  3.92334e+01       2.32057e-03      
  3.94690e+01       2.32936e-03      
  3.97047e+01       2.32629e-03      
  3.99403e+01       2.34755e-03      
  4.01759e+01       2.35007e-03      
  4.04116e+01       2.34919e-03      
  4.06472e+01       2.36547e-03      
  4.08829e+01       2.34769e-03      
  4.11185e+01       2.37958e-03      
  4.13541e+01       2.37978e-03      
  4.15898e+01       2.38748e-03      
  4.18254e+01       2.39021e-03      
  4.20610e+01       2.41310e-03      
  4.22967e+01       2.39995e-03      
  4.25323e+01       2.43429e-03      
  4.27679e+01       2.41903e-03      
  4.30036e+01       2.43995e-03      
  4.32392e+01       2.43524e-03      
  4.34748e+01       2.45303e-03      
  4.37105e+01       2.43797e-03      
  4.39461e+01       2.42659e-03      
  4.41818e+01       2.43034e-03      
  4.44174e+01       2.45657e-03      
  4.46530e+01       2.47067e-03      
  4.48887e+01       2.47449e-03      
  4.51243e+01       2.48580e-03      
  4.53599e+01       2.44771e-03      
  4.55956e+01       2.44867e-03      
  4.58312e+01       2.47503e-03      
  4.60668e+01       2.45950e-03      
  4.63025e+01       2.47599e-03      
  4.65381e+01       2.48621e-03      
  4.67738e+01       2.46911e-03      
  4.70094e+01       2.46400e-03      
  4.72450e+01       2.46188e-03      
  4.74807e+01       2.46992e-03      
  4.77163e+01       2.46073e-03      
  4.79519e+01       2.45936e-03      
  4.81876e+01       2.47251e-03      
  4.84232e+01       2.46086e-03      
  4.86588e+01       2.47367e-03      
  4.88945e+01       2.46420e-03      
  4.91301e+01       2.45262e-03      
  4.93657e+01       2.46352e-03      
  4.96014e+01       2.44396e-03      
  4.98370e+01       2.46011e-03      
  5.00727e+01       2.44785e-03      
  5.03083e+01       2.44260e-03      
  5.05439e+01       2.42857e-03      
  5.07796e+01       2.43095e-03      
  5.10152e+01       2.43558e-03      
  5.12508e+01       2.44676e-03      
  5.14865e+01       2.43395e-03      
  5.17221e+01       2.41869e-03      
  5.19577e+01       2.42318e-03      
  5.21934e+01       2.40656e-03      
  5.24290e+01       2.36711e-03      
  5.26646e+01       2.38789e-03      
  5.29003e+01       2.37644e-03      
  5.31359e+01       2.35580e-03      
  5.33716e+01       2.36949e-03      
  5.36072e+01       2.36936e-03      
  5.38428e+01       2.34306e-03      
  5.40785e+01       2.35552e-03      
  5.43141e+01       2.33611e-03      
  5.45497e+01       2.33549e-03      
  5.47854e+01       2.32098e-03      
  5.50210e+01       2.31607e-03      
  5.52566e+01       2.31662e-03      
  5.54923e+01       2.28609e-03      
  5.57279e+01       2.26586e-03      
  5.59636e+01       2.27901e-03      
  5.61992e+01       2.24957e-03      
  5.64348e+01       2.25216e-03      
  5.66705e+01       2.25141e-03      
  5.69061e+01       2.24773e-03      
  5.71417e+01       2.21830e-03      
  5.73774e+01       2.18921e-03      
  5.76130e+01       2.19711e-03      
  5.78486e+01       2.17898e-03      
  5.80843e+01       2.17272e-03      
  5.83199e+01       2.15309e-03      
  5.85556e+01       2.13306e-03      
  5.87912e+01       2.12386e-03      
  5.90268e+01       2.09184e-03      
  5.92625e+01       2.11780e-03      
  5.94981e+01       2.08094e-03      
  5.97337e+01       2.07140e-03      
  5.99694e+01       2.05430e-03      
  6.02050e+01       2.04121e-03      
  6.04406e+01       2.02159e-03      
  6.06763e+01       2.02622e-03      
  6.09119e+01       2.01103e-03      
  6.11475e+01       1.99842e-03      
  6.13832e+01       1.99052e-03      
  6.16188e+01       1.94582e-03      
  6.18545e+01       1.93349e-03      
  6.20901e+01       1.94303e-03      
  6.23257e+01       1.88689e-03      
  6.25614e+01       1.89731e-03      
  6.27970e+01       1.86556e-03      
  6.30326e+01       1.85452e-03      
  6.32683e+01       1.83503e-03      
  6.35039e+01       1.82386e-03      
  6.37395e+01       1.80771e-03      
  6.39752e+01       1.79075e-03      
  6.42108e+01       1.79347e-03      
  6.44465e+01       1.74980e-03      
  6.46821e+01       1.73528e-03      
  6.49177e+01       1.70987e-03      
  6.51534e+01       1.69065e-03      
  6.53890e+01       1.69474e-03      
  6.56246e+01       1.66504e-03      
  6.58603e+01       1.63996e-03      
  6.60959e+01       1.62518e-03      
  6.63315e+01       1.60290e-03      
  6.65672e+01       1.59015e-03      
  6.68028e+01       1.56358e-03      
  6.70385e+01       1.55459e-03      
  6.72741e+01       1.51541e-03      
  6.75097e+01       1.51173e-03      
  6.77454e+01       1.48441e-03      
  6.79810e+01       1.44237e-03      
  6.82166e+01       1.43821e-03      
  6.84523e+01       1.40537e-03      
  6.86879e+01       1.41573e-03      
  6.89235e+01       1.38745e-03      
  6.91592e+01       1.37525e-03      
  6.93948e+01       1.33635e-03      
  6.96304e+01       1.33253e-03      
  6.98661e+01       1.30426e-03      
  7.01017e+01       1.29996e-03      
  7.03374e+01       1.24764e-03      
  7.05730e+01       1.25016e-03      
  7.08086e+01       1.21806e-03      
  7.10443e+01       1.21193e-03      
  7.12799e+01       1.19142e-03      
  7.15155e+01       1.15954e-03      
  7.17512e+01       1.14639e-03      
  7.19868e+01       1.12376e-03      
  7.22224e+01       1.10182e-03      
  7.24581e+01       1.08677e-03      
  7.26937e+01       1.05815e-03      
  7.29294e+01       1.02974e-03      
  7.31650e+01       1.02544e-03      
  7.34006e+01       9.89060e-04      
  7.36363e+01       9.66711e-04      
  7.38719e+01       9.50836e-04      
  7.41075e+01       9.37890e-04      
  7.43432e+01       9.13634e-04      
  7.45788e+01       8.97077e-04      
  7.48144e+01       8.81610e-04      
  7.50501e+01       8.52993e-04      
  7.52857e+01       8.31939e-04      
  7.55213e+01       8.13201e-04      
  7.57570e+01       7.98484e-04      
  7.59926e+01       7.69526e-04      
  7.62283e+01       7.43362e-04      
  7.64639e+01       7.23398e-04      
  7.66995e+01       7.11883e-04      
  7.69352e+01       6.95667e-04      
  7.71708e+01       6.85651e-04      
  7.74064e+01       6.56898e-04      
  7.76421e+01       6.40136e-04      
  7.78777e+01       6.05591e-04      
  7.81133e+01       5.88149e-04      
  7.83490e+01       5.78814e-04      
  7.85846e+01       5.49107e-04      
  7.88203e+01       5.32822e-04      
  7.90559e+01       5.15448e-04      
  7.92915e+01       4.90783e-04      
  7.95272e+01       4.80085e-04      
  7.97628e+01       4.53172e-04      
  7.99984e+01       4.50582e-04      
  8.02341e+01       4.39885e-04      
  8.04697e+01       4.14675e-04      
  8.07053e+01       3.89124e-04      
  8.09410e+01       3.86671e-04      
  8.11766e+01       3.56827e-04      
  8.14122e+01       3.50900e-04      
  8.16479e+01       3.24190e-04      
  8.18835e+01       3.13493e-04      
  8.21192e+01       2.94824e-04      
  8.23548e+01       2.85898e-04      
  8.25904e+01       2.64503e-04      
  8.28261e+01       2.57008e-04      
  8.30617e+01       2.38952e-04      
  8.32973e+01       2.24848e-04      
  8.35330e+01       2.13129e-04      
  8.37686e+01       2.01205e-04      
  8.40042e+01       1.86352e-04      
  8.42399e+01       1.77153e-04      
  8.44755e+01       1.55282e-04      
  8.47112e+01       1.48809e-04      
  8.49468e+01       1.37839e-04      
  8.51824e+01       1.27891e-04      
  8.54181e+01       1.16717e-04      
  8.56537e+01       1.04248e-04      
  8.58893e+01       9.47088e-05      
  8.61250e+01       8.06728e-05      
  8.63606e+01       7.49494e-05      
  8.65962e+01       6.32301e-05      
  8.68319e+01       5.06931e-05      
  8.70675e+01       5.02843e-05      
  8.73031e+01       4.09496e-05      
  8.75388e+01       3.43405e-05      
  8.77744e+01       2.93666e-05      
  8.80101e+01       2.30981e-05      
  8.82457e+01       1.70340e-05      
  8.84813e+01       1.32865e-05      
  8.87170e+01       9.13020e-06      
  8.89526e+01       5.45087e-06      
  8.91882e+01       3.54306e-06      
  8.94239e+01       2.18035e-06      
  8.96595e+01       1.02204e-06      
  8.98951e+01       0.00000e+00      
  9.01308e+01       0.00000e+00      
  9.03664e+01       0.00000e+00      
  9.06021e+01       0.00000e+00      
  9.08377e+01       0.00000e+00      
  9.10733e+01       0.00000e+00      
  9.13090e+01       0.00000e+00      
  9.15446e+01       0.00000e+00      
  9.17802e+01       0.00000e+00      
  9.20159e+01       0.00000e+00      
  9.22515e+01       0.00000e+00      
  9.24871e+01       0.00000e+00      
  9.27228e+01       0.00000e+00      
  9.29584e+01       0.00000e+00      
  9.31940e+01       0.00000e+00      
  9.34297e+01       0.00000e+00      
  9.36653e+01       0.00000e+00      
  9.39010e+01       0.00000e+00      
  9.41366e+01       0.00000e+00      
