# r                 p(r)             
  1.17762e-01       0.00000e+00      
  3.53286e-01       2.76863e-07      
  5.88809e-01       1.38431e-06      
  8.24333e-01       2.14568e-06      
  1.05986e+00       4.22215e-06      
  1.29538e+00       6.16019e-06      
  1.53090e+00       1.05208e-05      
  1.76643e+00       1.22512e-05      
  2.00195e+00       1.46737e-05      
  2.23748e+00       1.81345e-05      
  2.47300e+00       2.42255e-05      
  2.70852e+00       2.96243e-05      
  2.94405e+00       3.21853e-05      
  3.17957e+00       3.91068e-05      
  3.41509e+00       4.20139e-05      
  3.65062e+00       4.94200e-05      
  3.88614e+00       6.09790e-05      
  4.12167e+00       6.23633e-05      
  4.35719e+00       6.55472e-05      
  4.59271e+00       7.65525e-05      
  4.82824e+00       8.76962e-05      
  5.06376e+00       9.35103e-05      
  5.29928e+00       9.98090e-05      
  5.53481e+00       1.07007e-04      
  5.77033e+00       1.22235e-04      
  6.00585e+00       1.24657e-04      
  6.24138e+00       1.35593e-04      
  6.47690e+00       1.42515e-04      
  6.71243e+00       1.56220e-04      
  6.94795e+00       1.78230e-04      
  7.18347e+00       1.77953e-04      
  7.41900e+00       1.89928e-04      
  7.65452e+00       1.94911e-04      
  7.89004e+00       2.06609e-04      
  8.12557e+00       2.25089e-04      
  8.36109e+00       2.37894e-04      
  8.59661e+00       2.54091e-04      
  8.83214e+00       2.58036e-04      
  9.06766e+00       2.72848e-04      
  9.30319e+00       2.89529e-04      
  9.53871e+00       2.97420e-04      
  9.77423e+00       3.25383e-04      
  1.00098e+01       3.20953e-04      
  1.02453e+01       3.40541e-04      
  1.04808e+01       3.52931e-04      
  1.07163e+01       3.74872e-04      
  1.09519e+01       3.82347e-04      
  1.11874e+01       4.02558e-04      
  1.14229e+01       4.12733e-04      
  1.16584e+01       4.32044e-04      
  1.18939e+01       4.40627e-04      
  1.21295e+01       4.56892e-04      
  1.23650e+01       4.70528e-04      
  1.26005e+01       4.91154e-04      
  1.28360e+01       5.08389e-04      
  1.30716e+01       5.21332e-04      
  1.33071e+01       5.41059e-04      
  1.35426e+01       5.56425e-04      
  1.37781e+01       5.81688e-04      
  1.40137e+01       5.81757e-04      
  1.42492e+01       6.09513e-04      
  1.44847e+01       6.23079e-04      
  1.47202e+01       6.34846e-04      
  1.49558e+01       6.56649e-04      
  1.51913e+01       6.84612e-04      
  1.54268e+01       6.91880e-04      
  1.56623e+01       7.09322e-04      
  1.58979e+01       7.36593e-04      
  1.61334e+01       7.46145e-04      
  1.63689e+01       7.67532e-04      
  1.66044e+01       7.99233e-04      
  1.68399e+01       7.99302e-04      
  1.70755e+01       7.92173e-04      
  1.73110e+01       8.51352e-04      
  1.75465e+01       8.61527e-04      
  1.77820e+01       8.73017e-04      
  1.80176e+01       8.83122e-04      
  1.82531e+01       9.20568e-04      
  1.84886e+01       9.29981e-04      
  1.87241e+01       9.49293e-04      
  1.89597e+01       9.61405e-04      
  1.91952e+01       9.89576e-04      
  1.94307e+01       9.92552e-04      
  1.96662e+01       1.01602e-03      
  1.99018e+01       1.04121e-03      
  2.01373e+01       1.06101e-03      
  2.03728e+01       1.07485e-03      
  2.06083e+01       1.07478e-03      
  2.08438e+01       1.10738e-03      
  2.10794e+01       1.13915e-03      
  2.13149e+01       1.14704e-03      
  2.15504e+01       1.15625e-03      
  2.17859e+01       1.16490e-03      
  2.20215e+01       1.19189e-03      
  2.22570e+01       1.21487e-03      
  2.24925e+01       1.23128e-03      
  2.27280e+01       1.26637e-03      
  2.29636e+01       1.26665e-03      
  2.31991e+01       1.30465e-03      
  2.34346e+01       1.31468e-03      
  2.36701e+01       1.32679e-03      
  2.39057e+01       1.35365e-03      
  2.41412e+01       1.38411e-03      
  2.43767e+01       1.38950e-03      
  2.46122e+01       1.40785e-03      
  2.48477e+01       1.41795e-03      
  2.50833e+01       1.44273e-03      
  2.53188e+01       1.45076e-03      
  2.55543e+01       1.47568e-03      
  2.57898e+01       1.49215e-03      
  2.60254e+01       1.50288e-03      
  2.62609e+01       1.52011e-03      
  2.64964e+01       1.55417e-03      
  2.67319e+01       1.58545e-03      
  2.69675e+01       1.60421e-03      
  2.72030e+01       1.61432e-03      
  2.74385e+01       1.61065e-03      
  2.76740e+01       1.63882e-03      
  2.79096e+01       1.65965e-03      
  2.81451e+01       1.66824e-03      
  2.83806e+01       1.69668e-03      
  2.86161e+01       1.70277e-03      
  2.88517e+01       1.73212e-03      
  2.90872e+01       1.71828e-03      
  2.93227e+01       1.76486e-03      
  2.95582e+01       1.77711e-03      
  2.97937e+01       1.78473e-03      
  3.00293e+01       1.78002e-03      
  3.02648e+01       1.84335e-03      
  3.05003e+01       1.85214e-03      
  3.07358e+01       1.86093e-03      
  3.09714e+01       1.87637e-03      
  3.12069e+01       1.89021e-03      
  3.14424e+01       1.90343e-03      
  3.16779e+01       1.91125e-03      
  3.19135e+01       1.93167e-03      
  3.21490e+01       1.94593e-03      
  3.23845e+01       1.97182e-03      
  3.26200e+01       1.98580e-03      
  3.28556e+01       2.00206e-03      
  3.30911e+01       2.00760e-03      
  3.33266e+01       1.99618e-03      
  3.35621e+01       2.03563e-03      
  3.37977e+01       2.06256e-03      
  3.40332e+01       2.06207e-03      
  3.42687e+01       2.05833e-03      
  3.45042e+01       2.06879e-03      
  3.47397e+01       2.10969e-03      
  3.49753e+01       2.11994e-03      
  3.52108e+01       2.10741e-03      
  3.54463e+01       2.15060e-03      
  3.56818e+01       2.12797e-03      
  3.59174e+01       2.18223e-03      
  3.61529e+01       2.16105e-03      
  3.63884e+01       2.16797e-03      
  3.66239e+01       2.19663e-03      
  3.68595e+01       2.22037e-03      
  3.70950e+01       2.22473e-03      
  3.73305e+01       2.22245e-03      
  3.75660e+01       2.24259e-03      
  3.78016e+01       2.25408e-03      
  3.80371e+01       2.27117e-03      
  3.82726e+01       2.30170e-03      
  3.85081e+01       2.27692e-03      
  3.87436e+01       2.27996e-03      
  3.89792e+01       2.29471e-03      
  3.92147e+01       2.30474e-03      
  3.94502e+01       2.32848e-03      
  3.96857e+01       2.31070e-03      
  3.99213e+01       2.31333e-03      
  4.01568e+01       2.33139e-03      
  4.03923e+01       2.33291e-03      
  4.06278e+01       2.34863e-03      
  4.08634e+01       2.36060e-03      
  4.10989e+01       2.36365e-03      
  4.13344e+01       2.37188e-03      
  4.15699e+01       2.37375e-03      
  4.18055e+01       2.37638e-03      
  4.20410e+01       2.38690e-03      
  4.22765e+01       2.40185e-03      
  4.25120e+01       2.39320e-03      
  4.27476e+01       2.42552e-03      
  4.29831e+01       2.40490e-03      
  4.32186e+01       2.41971e-03      
  4.34541e+01       2.41147e-03      
  4.36896e+01       2.43134e-03      
  4.39252e+01       2.42040e-03      
  4.41607e+01       2.43722e-03      
  4.43962e+01       2.44705e-03      
  4.46317e+01       2.45909e-03      
  4.48673e+01       2.46726e-03      
  4.51028e+01       2.44698e-03      
  4.53383e+01       2.42968e-03      
  4.55738e+01       2.45854e-03      
  4.58094e+01       2.45314e-03      
  4.60449e+01       2.46567e-03      
  4.62804e+01       2.46422e-03      
  4.65159e+01       2.44996e-03      
  4.67515e+01       2.48719e-03      
  4.69870e+01       2.46788e-03      
  4.72225e+01       2.46851e-03      
  4.74580e+01       2.46048e-03      
  4.76936e+01       2.44573e-03      
  4.79291e+01       2.47038e-03      
  4.81646e+01       2.48200e-03      
  4.84001e+01       2.48796e-03      
  4.86356e+01       2.47307e-03      
  4.88712e+01       2.45383e-03      
  4.91067e+01       2.43951e-03      
  4.93422e+01       2.43930e-03      
  4.95777e+01       2.45868e-03      
  4.98133e+01       2.46913e-03      
  5.00488e+01       2.45577e-03      
  5.02843e+01       2.46186e-03      
  5.05198e+01       2.44283e-03      
  5.07554e+01       2.44137e-03      
  5.09909e+01       2.42760e-03      
  5.12264e+01       2.40469e-03      
  5.14619e+01       2.43708e-03      
  5.16974e+01       2.41715e-03      
  5.19330e+01       2.41459e-03      
  5.21685e+01       2.41749e-03      
  5.24040e+01       2.42691e-03      
  5.26395e+01       2.36794e-03      
  5.28751e+01       2.36538e-03      
  5.31106e+01       2.39998e-03      
  5.33461e+01       2.38912e-03      
  5.35816e+01       2.40137e-03      
  5.38172e+01       2.34343e-03      
  5.40527e+01       2.38531e-03      
  5.42882e+01       2.35167e-03      
  5.45237e+01       2.35292e-03      
  5.47593e+01       2.34205e-03      
  5.49948e+01       2.32751e-03      
  5.52303e+01       2.31284e-03      
  5.54658e+01       2.30343e-03      
  5.57014e+01       2.30488e-03      
  5.59369e+01       2.28765e-03      
  5.61724e+01       2.27899e-03      
  5.64079e+01       2.26737e-03      
  5.66434e+01       2.24162e-03      
  5.68790e+01       2.26010e-03      
  5.71145e+01       2.22667e-03      
  5.73500e+01       2.21947e-03      
  5.75855e+01       2.23089e-03      
  5.78211e+01       2.20909e-03      
  5.80566e+01       2.18569e-03      
  5.82921e+01       2.17579e-03      
  5.85276e+01       2.16846e-03      
  5.87632e+01       2.15364e-03      
  5.89987e+01       2.13862e-03      
  5.92342e+01       2.12284e-03      
  5.94697e+01       2.13371e-03      
  5.97053e+01       2.12118e-03      
  5.99408e+01       2.08997e-03      
  6.01763e+01       2.06498e-03      
  6.04118e+01       2.07758e-03      
  6.06474e+01       2.04352e-03      
  6.08829e+01       2.03667e-03      
  6.11184e+01       2.02338e-03      
  6.13539e+01       2.00954e-03      
  6.15894e+01       1.98476e-03      
  6.18250e+01       1.97008e-03      
  6.20605e+01       1.95174e-03      
  6.22960e+01       1.92918e-03      
  6.25315e+01       1.90627e-03      
  6.27671e+01       1.89879e-03      
  6.30026e+01       1.89727e-03      
  6.32381e+01       1.84792e-03      
  6.34736e+01       1.86107e-03      
  6.37092e+01       1.85830e-03      
  6.39447e+01       1.83477e-03      
  6.41802e+01       1.81919e-03      
  6.44157e+01       1.78389e-03      
  6.46513e+01       1.76140e-03      
  6.48868e+01       1.74576e-03      
  6.51223e+01       1.73932e-03      
  6.53578e+01       1.70077e-03      
  6.55934e+01       1.71060e-03      
  6.58289e+01       1.67557e-03      
  6.60644e+01       1.65093e-03      
  6.62999e+01       1.63204e-03      
  6.65354e+01       1.62470e-03      
  6.67710e+01       1.59881e-03      
  6.70065e+01       1.57756e-03      
  6.72420e+01       1.55265e-03      
  6.74775e+01       1.52482e-03      
  6.77131e+01       1.52877e-03      
  6.79486e+01       1.49070e-03      
  6.81841e+01       1.47616e-03      
  6.84196e+01       1.46481e-03      
  6.86552e+01       1.43062e-03      
  6.88907e+01       1.40785e-03      
  6.91262e+01       1.37947e-03      
  6.93617e+01       1.36611e-03      
  6.95973e+01       1.34874e-03      
  6.98328e+01       1.32057e-03      
  7.00683e+01       1.30797e-03      
  7.03038e+01       1.25260e-03      
  7.05394e+01       1.26478e-03      
  7.07749e+01       1.23252e-03      
  7.10104e+01       1.21093e-03      
  7.12459e+01       1.19342e-03      
  7.14814e+01       1.16891e-03      
  7.17170e+01       1.15410e-03      
  7.19525e+01       1.12157e-03      
  7.21880e+01       1.10475e-03      
  7.24235e+01       1.06516e-03      
  7.26591e+01       1.05935e-03      
  7.28946e+01       1.02931e-03      
  7.31301e+01       1.00024e-03      
  7.33656e+01       9.97674e-04      
  7.36012e+01       9.70888e-04      
  7.38367e+01       9.53030e-04      
  7.40722e+01       9.39118e-04      
  7.43077e+01       9.10255e-04      
  7.45433e+01       8.73225e-04      
  7.47788e+01       8.59035e-04      
  7.50143e+01       8.35987e-04      
  7.52498e+01       8.17852e-04      
  7.54853e+01       7.95911e-04      
  7.57209e+01       7.70647e-04      
  7.59564e+01       7.52582e-04      
  7.61919e+01       7.24203e-04      
  7.64274e+01       7.14305e-04      
  7.66630e+01       6.69938e-04      
  7.68985e+01       6.64678e-04      
  7.71340e+01       6.54088e-04      
  7.73695e+01       6.23079e-04      
  7.76051e+01       6.11313e-04      
  7.78406e+01       5.78228e-04      
  7.80761e+01       5.72483e-04      
  7.83116e+01       5.42928e-04      
  7.85471e+01       5.34137e-04      
  7.87827e+01       5.17110e-04      
  7.90182e+01       4.83679e-04      
  7.92537e+01       4.69420e-04      
  7.94892e+01       4.64714e-04      
  7.97248e+01       4.42288e-04      
  7.99603e+01       4.15502e-04      
  8.01958e+01       4.04496e-04      
  8.04313e+01       3.86431e-04      
  8.06669e+01       3.74803e-04      
  8.09024e+01       3.50370e-04      
  8.11379e+01       3.40956e-04      
  8.13734e+01       3.24344e-04      
  8.16090e+01       3.04134e-04      
  8.18445e+01       2.92021e-04      
  8.20800e+01       2.70356e-04      
  8.23155e+01       2.60805e-04      
  8.25511e+01       2.44885e-04      
  8.27866e+01       2.34710e-04      
  8.30221e+01       2.23151e-04      
  8.32576e+01       2.06539e-04      
  8.34931e+01       1.90412e-04      
  8.37287e+01       1.79130e-04      
  8.39642e+01       1.59542e-04      
  8.41997e+01       1.58988e-04      
  8.44352e+01       1.41546e-04      
  8.46708e+01       1.34140e-04      
  8.49063e+01       1.18912e-04      
  8.51418e+01       1.09222e-04      
  8.53773e+01       1.02647e-04      
  8.56129e+01       9.26105e-05      
  8.58484e+01       8.41662e-05      
  8.60839e+01       7.48913e-05      
  8.63194e+01       7.06000e-05      
  8.65550e+01       5.89717e-05      
  8.67905e+01       5.46111e-05      
  8.70260e+01       4.62361e-05      
  8.72615e+01       3.81378e-05      
  8.74971e+01       3.37772e-05      
  8.77326e+01       2.69249e-05      
  8.79681e+01       2.20106e-05      
  8.82036e+01       1.71655e-05      
  8.84391e+01       1.26665e-05      
  8.86747e+01       9.41333e-06      
  8.89102e+01       5.26039e-06      
  8.91457e+01       3.66843e-06      
  8.93812e+01       2.49176e-06      
  8.96168e+01       1.17667e-06      
  8.98523e+01       0.00000e+00      
  9.00878e+01       0.00000e+00      
  9.03233e+01       0.00000e+00      
  9.05589e+01       0.00000e+00      
  9.07944e+01       0.00000e+00      
  9.10299e+01       0.00000e+00      
  9.12654e+01       0.00000e+00      
  9.15010e+01       0.00000e+00      
  9.17365e+01       0.00000e+00      
  9.19720e+01       0.00000e+00      
  9.22075e+01       0.00000e+00      
  9.24431e+01       0.00000e+00      
  9.26786e+01       0.00000e+00      
  9.29141e+01       0.00000e+00      
  9.31496e+01       0.00000e+00      
  9.33851e+01       0.00000e+00      
  9.36207e+01       0.00000e+00      
  9.38562e+01       0.00000e+00      
  9.40917e+01       0.00000e+00      
