# r                 p(r)             
  4.19458e-01       4.08084e-06      
  1.25837e+00       3.21445e-05      
  2.09729e+00       8.37985e-05      
  2.93621e+00       1.60848e-04      
  3.77512e+00       2.63654e-04      
  4.61404e+00       3.79361e-04      
  5.45296e+00       5.26633e-04      
  6.29187e+00       6.84985e-04      
  7.13079e+00       8.70224e-04      
  7.96971e+00       1.06582e-03      
  8.80862e+00       1.27449e-03      
  9.64754e+00       1.49337e-03      
  1.04865e+01       1.73593e-03      
  1.13254e+01       1.96967e-03      
  1.21643e+01       2.24007e-03      
  1.30032e+01       2.51028e-03      
  1.38421e+01       2.79062e-03      
  1.46810e+01       3.07193e-03      
  1.55200e+01       3.36903e-03      
  1.63589e+01       3.66786e-03      
  1.71978e+01       3.96167e-03      
  1.80367e+01       4.24692e-03      
  1.88756e+01       4.55345e-03      
  1.97145e+01       4.86410e-03      
  2.05535e+01       5.16322e-03      
  2.13924e+01       5.44143e-03      
  2.22313e+01       5.74843e-03      
  2.30702e+01       6.03731e-03      
  2.39091e+01       6.34626e-03      
  2.47480e+01       6.61244e-03      
  2.55870e+01       6.86751e-03      
  2.64259e+01       7.12752e-03      
  2.72648e+01       7.40897e-03      
  2.81037e+01       7.65802e-03      
  2.89426e+01       7.87840e-03      
  2.97815e+01       8.12789e-03      
  3.06205e+01       8.33544e-03      
  3.14594e+01       8.54075e-03      
  3.22983e+01       8.71896e-03      
  3.31372e+01       8.90523e-03      
  3.39761e+01       9.06675e-03      
  3.48150e+01       9.22683e-03      
  3.56539e+01       9.38136e-03      
  3.64929e+01       9.47509e-03      
  3.73318e+01       9.57177e-03      
  3.81707e+01       9.68145e-03      
  3.90096e+01       9.73091e-03      
  3.98485e+01       9.79252e-03      
  4.06874e+01       9.81722e-03      
  4.15264e+01       9.84455e-03      
  4.23653e+01       9.84996e-03      
  4.32042e+01       9.85166e-03      
  4.40431e+01       9.81005e-03      
  4.48820e+01       9.76023e-03      
  4.57209e+01       9.69922e-03      
  4.65599e+01       9.63475e-03      
  4.73988e+01       9.53613e-03      
  4.82377e+01       9.39653e-03      
  4.90766e+01       9.27933e-03      
  4.99155e+01       9.11365e-03      
  5.07544e+01       8.96805e-03      
  5.15934e+01       8.77036e-03      
  5.24323e+01       8.54431e-03      
  5.32712e+01       8.32833e-03      
  5.41101e+01       8.07188e-03      
  5.49490e+01       7.82235e-03      
  5.57879e+01       7.57679e-03      
  5.66269e+01       7.31436e-03      
  5.74658e+01       7.02888e-03      
  5.83047e+01       6.74709e-03      
  5.91436e+01       6.43543e-03      
  5.99825e+01       6.11714e-03      
  6.08214e+01       5.81034e-03      
  6.16604e+01       5.47649e-03      
  6.24993e+01       5.12747e-03      
  6.33382e+01       4.80000e-03      
  6.41771e+01       4.47645e-03      
  6.50160e+01       4.13917e-03      
  6.58549e+01       3.79996e-03      
  6.66939e+01       3.46393e-03      
  6.75328e+01       3.13467e-03      
  6.83717e+01       2.80924e-03      
  6.92106e+01       2.49084e-03      
  7.00495e+01       2.19295e-03      
  7.08884e+01       1.88298e-03      
  7.17274e+01       1.59902e-03      
  7.25663e+01       1.31821e-03      
  7.34052e+01       1.05901e-03      
  7.42441e+01       8.28756e-04      
  7.50830e+01       6.16396e-04      
  7.59219e+01       4.30058e-04      
  7.67609e+01       2.68676e-04      
  7.75998e+01       1.51336e-04      
  7.84387e+01       6.26409e-05      
  7.92776e+01       1.48794e-05      
  8.01165e+01       2.51129e-07      
  8.09554e+01       0.00000e+00      
  8.17944e+01       0.00000e+00      
  8.26333e+01       0.00000e+00      
  8.34722e+01       0.00000e+00      
