# Simulated SAS data with noise
# sigma generated using Sedlak et al, k=100000, c=0.55, https://doi.org/10.1107/S1600576717003077, and rebinned with 10 per bin)
# q            I            sigma       
  1.00000e-03  1.93550e+00  2.92941e-02 
  2.25063e-03  1.92707e+00  1.94904e-02 
  3.50125e-03  1.90094e+00  1.55755e-02 
  4.75188e-03  1.89621e+00  1.33078e-02 
  6.00251e-03  1.86637e+00  1.17703e-02 
  7.25313e-03  1.84308e+00  1.06307e-02 
  8.50376e-03  1.80526e+00  9.73609e-03 
  9.75439e-03  1.77403e+00  9.00497e-03 
  1.10050e-02  1.73096e+00  8.38976e-03 
  1.22556e-02  1.68905e+00  7.86049e-03 
  1.35063e-02  1.66428e+00  7.39729e-03 
  1.47569e-02  1.61781e+00  6.98645e-03 
  1.60075e-02  1.57789e+00  6.61806e-03 
  1.72581e-02  1.52707e+00  6.28475e-03 
  1.85088e-02  1.50008e+00  5.98087e-03 
  1.97594e-02  1.43443e+00  5.70204e-03 
  2.10100e-02  1.40291e+00  5.44463e-03 
  2.22607e-02  1.34793e+00  5.20569e-03 
  2.35113e-02  1.30502e+00  4.98277e-03 
  2.47619e-02  1.26645e+00  4.77375e-03 
  2.60125e-02  1.22572e+00  4.57681e-03 
  2.72632e-02  1.17808e+00  4.39040e-03 
  2.85138e-02  1.12980e+00  4.21320e-03 
  2.97644e-02  1.08893e+00  4.04403e-03 
  3.10150e-02  1.05110e+00  3.88193e-03 
  3.22657e-02  1.01738e+00  3.72606e-03 
  3.35163e-02  9.55612e-01  3.57576e-03 
  3.47669e-02  9.18894e-01  3.43044e-03 
  3.60175e-02  8.70996e-01  3.28966e-03 
  3.72682e-02  8.34171e-01  3.15306e-03 
  3.85188e-02  7.92714e-01  3.02037e-03 
  3.97694e-02  7.47766e-01  2.89136e-03 
  4.10201e-02  7.07964e-01  2.76588e-03 
  4.22707e-02  6.66390e-01  2.64381e-03 
  4.35213e-02  6.22565e-01  2.52506e-03 
  4.47719e-02  5.81873e-01  2.40955e-03 
  4.60226e-02  5.43931e-01  2.29722e-03 
  4.72732e-02  5.03917e-01  2.18803e-03 
  4.85238e-02  4.73082e-01  2.08189e-03 
  4.97744e-02  4.38367e-01  1.97878e-03 
  5.10251e-02  4.00708e-01  1.87861e-03 
  5.22757e-02  3.70168e-01  1.78133e-03 
  5.35263e-02  3.41150e-01  1.68688e-03 
  5.47769e-02  3.11551e-01  1.59519e-03 
  5.60276e-02  2.82617e-01  1.50620e-03 
  5.72782e-02  2.58968e-01  1.41986e-03 
  5.85288e-02  2.33559e-01  1.33610e-03 
  5.97794e-02  2.09541e-01  1.25490e-03 
  6.10301e-02  1.87733e-01  1.17620e-03 
  6.22807e-02  1.67352e-01  1.10000e-03 
  6.35313e-02  1.49689e-01  1.02627e-03 
  6.47820e-02  1.31079e-01  9.54994e-04 
  6.60326e-02  1.15841e-01  8.86171e-04 
  6.72832e-02  1.00206e-01  8.19800e-04 
  6.85338e-02  8.75965e-02  7.55880e-04 
  6.97845e-02  7.34516e-02  6.94413e-04 
  7.10351e-02  6.27234e-02  6.35403e-04 
  7.22857e-02  5.19700e-02  5.78849e-04 
  7.35363e-02  4.36343e-02  5.24751e-04 
  7.47870e-02  3.62185e-02  4.73112e-04 
  7.60376e-02  2.97524e-02  4.23934e-04 
  7.72882e-02  2.24493e-02  3.77232e-04 
  7.85388e-02  1.76587e-02  3.33030e-04 
  7.97895e-02  1.35073e-02  2.91379e-04 
  8.10401e-02  1.01435e-02  2.52371e-04 
  8.22907e-02  6.96840e-03  2.16167e-04 
  8.35414e-02  4.68059e-03  1.83040e-04 
  8.47920e-02  2.77105e-03  1.53459e-04 
  8.60426e-02  1.52682e-03  1.28192e-04 
  8.72932e-02  6.82988e-04  1.08430e-04 
  8.85439e-02  1.62687e-04  9.56906e-05 
  8.97945e-02  -5.26691e-05 9.10895e-05 
  9.10451e-02  1.09093e-04  9.41964e-05 
  9.22957e-02  7.38414e-04  1.02979e-04 
  9.35464e-02  1.09597e-03  1.15060e-04 
  9.47970e-02  1.96359e-03  1.28635e-04 
  9.60476e-02  2.52031e-03  1.42562e-04 
  9.72982e-02  3.71949e-03  1.56168e-04 
  9.85489e-02  4.54064e-03  1.69059e-04 
  9.97995e-02  5.74319e-03  1.81010e-04 
  1.01050e-01  6.12789e-03  1.91894e-04 
  1.02301e-01  7.92263e-03  2.01646e-04 
  1.03551e-01  8.40946e-03  2.10239e-04 
  1.04802e-01  9.23702e-03  2.17672e-04 
  1.06053e-01  1.04278e-02  2.23963e-04 
  1.07303e-01  1.06928e-02  2.29141e-04 
  1.08554e-01  1.17794e-02  2.33241e-04 
  1.09805e-01  1.22716e-02  2.36305e-04 
  1.11055e-01  1.24876e-02  2.38379e-04 
  1.12306e-01  1.25505e-02  2.39506e-04 
  1.13556e-01  1.29099e-02  2.39736e-04 
  1.14807e-01  1.32605e-02  2.39112e-04 
  1.16058e-01  1.27799e-02  2.37683e-04 
  1.17308e-01  1.27336e-02  2.35495e-04 
  1.18559e-01  1.30890e-02  2.32593e-04 
  1.19810e-01  1.26000e-02  2.29023e-04 
  1.21060e-01  1.24444e-02  2.24833e-04 
  1.22311e-01  1.22088e-02  2.20067e-04 
  1.23561e-01  1.10636e-02  2.14775e-04 
  1.24812e-01  1.06479e-02  2.09004e-04 
  1.26063e-01  1.00125e-02  2.02803e-04 
  1.27313e-01  8.93039e-03  1.96226e-04 
  1.28564e-01  8.92016e-03  1.89322e-04 
  1.29815e-01  8.39108e-03  1.82145e-04 
  1.31065e-01  7.57932e-03  1.74749e-04 
  1.32316e-01  6.65082e-03  1.67186e-04 
  1.33566e-01  5.91794e-03  1.59513e-04 
  1.34817e-01  5.31156e-03  1.51784e-04 
  1.36068e-01  4.41028e-03  1.44054e-04 
  1.37318e-01  4.08346e-03  1.36380e-04 
  1.38569e-01  3.42825e-03  1.28818e-04 
  1.39820e-01  3.08860e-03  1.21427e-04 
  1.41070e-01  2.67204e-03  1.14270e-04 
  1.42321e-01  2.07219e-03  1.07410e-04 
  1.43571e-01  1.64308e-03  1.00915e-04 
  1.44822e-01  1.23061e-03  9.48568e-05 
  1.46073e-01  9.19331e-04  8.93114e-05 
  1.47323e-01  7.48106e-04  8.43557e-05 
  1.48574e-01  5.15842e-04  8.00632e-05 
  1.49825e-01  5.10574e-05  7.65005e-05 
  1.51075e-01  2.30902e-04  7.37183e-05 
  1.52326e-01  1.41446e-04  7.17424e-05 
  1.53576e-01  3.01061e-05  7.05689e-05 
  1.54827e-01  6.79053e-05  7.01592e-05 
  1.56078e-01  1.14531e-04  7.04444e-05 
  1.57328e-01  2.39863e-05  7.13317e-05 
  1.58579e-01  4.88157e-05  7.27134e-05 
  1.59830e-01  3.59840e-04  7.44787e-05 
  1.61080e-01  4.61671e-04  7.65205e-05 
  1.62331e-01  6.23137e-04  7.87405e-05 
  1.63581e-01  8.83762e-04  8.10533e-05 
  1.64832e-01  8.49280e-04  8.33856e-05 
  1.66083e-01  1.05045e-03  8.56769e-05 
  1.67333e-01  1.31228e-03  8.78785e-05 
  1.68584e-01  1.24946e-03  8.99507e-05 
  1.69835e-01  1.56136e-03  9.18631e-05 
  1.71085e-01  1.66922e-03  9.35925e-05 
  1.72336e-01  1.73101e-03  9.51209e-05 
  1.73586e-01  1.95046e-03  9.64359e-05 
  1.74837e-01  1.97250e-03  9.75287e-05 
  1.76088e-01  2.04295e-03  9.83937e-05 
  1.77338e-01  2.25022e-03  9.90289e-05 
  1.78589e-01  2.11687e-03  9.94329e-05 
  1.79840e-01  2.33193e-03  9.96077e-05 
  1.81090e-01  2.44882e-03  9.95571e-05 
  1.82341e-01  2.24196e-03  9.92849e-05 
  1.83591e-01  2.33158e-03  9.87989e-05 
  1.84842e-01  2.44940e-03  9.81057e-05 
  1.86093e-01  2.27687e-03  9.72158e-05 
  1.87343e-01  2.19826e-03  9.61401e-05 
  1.88594e-01  2.06414e-03  9.48907e-05 
  1.89845e-01  2.03737e-03  9.34816e-05 
  1.91095e-01  1.87960e-03  9.19281e-05 
  1.92346e-01  1.70118e-03  9.02464e-05 
  1.93596e-01  1.65315e-03  8.84540e-05 
  1.94847e-01  1.57747e-03  8.65687e-05 
  1.96098e-01  1.50024e-03  8.46097e-05 
  1.97348e-01  1.29670e-03  8.25965e-05 
  1.98599e-01  1.31190e-03  8.05487e-05 
  1.99850e-01  1.08146e-03  7.84863e-05 
  2.01100e-01  9.39719e-04  7.64296e-05 
  2.02351e-01  7.08492e-04  7.43980e-05 
  2.03602e-01  6.51065e-04  7.24116e-05 
  2.04852e-01  5.18085e-04  7.04896e-05 
  2.06103e-01  4.99802e-04  6.86506e-05 
  2.07353e-01  4.72915e-04  6.69127e-05 
  2.08604e-01  3.08839e-04  6.52927e-05 
  2.09855e-01  2.32194e-04  6.38061e-05 
  2.11105e-01  1.85481e-04  6.24666e-05 
  2.12356e-01  1.60770e-04  6.12855e-05 
  2.13607e-01  1.31762e-04  6.02715e-05 
  2.14857e-01  6.72926e-06  5.94302e-05 
  2.16108e-01  9.25173e-05  5.87634e-05 
  2.17358e-01  -4.39357e-05 5.82696e-05 
  2.18609e-01  -6.58715e-05 5.79431e-05 
  2.19860e-01  2.26916e-05  5.77752e-05 
  2.21110e-01  -6.11210e-05 5.77539e-05 
  2.22361e-01  -2.11691e-05 5.78644e-05 
  2.23612e-01  9.10176e-05  5.80902e-05 
  2.24862e-01  3.34195e-05  5.84135e-05 
  2.26113e-01  1.33140e-06  5.88157e-05 
  2.27363e-01  1.81577e-04  5.92786e-05 
  2.28614e-01  1.17897e-04  5.97843e-05 
  2.29865e-01  2.99015e-04  6.03158e-05 
  2.31115e-01  3.28216e-04  6.08577e-05 
  2.32366e-01  1.70291e-04  6.13955e-05 
  2.33617e-01  3.81986e-04  6.19165e-05 
  2.34867e-01  3.21663e-04  6.24097e-05 
  2.36118e-01  3.44237e-04  6.28650e-05 
  2.37368e-01  3.94759e-04  6.32745e-05 
  2.38619e-01  4.47092e-04  6.36308e-05 
  2.39870e-01  5.38742e-04  6.39284e-05 
  2.41120e-01  5.01033e-04  6.41628e-05 
  2.42371e-01  6.58181e-04  6.43302e-05 
  2.43622e-01  6.03741e-04  6.44284e-05 
  2.44872e-01  5.82231e-04  6.44560e-05 
  2.46123e-01  6.41408e-04  6.44123e-05 
  2.47373e-01  5.10574e-04  6.42981e-05 
  2.48624e-01  5.38522e-04  6.41142e-05 
  2.49875e-01  6.18046e-04  6.38632e-05 
  2.51125e-01  6.13193e-04  6.35481e-05 
  2.52376e-01  4.91000e-04  6.31725e-05 
  2.53627e-01  6.49747e-04  6.27409e-05 
  2.54877e-01  5.73219e-04  6.22587e-05 
  2.56128e-01  4.92405e-04  6.17312e-05 
  2.57378e-01  4.02186e-04  6.11648e-05 
  2.58629e-01  4.69677e-04  6.05656e-05 
  2.59880e-01  4.60372e-04  5.99405e-05 
  2.61130e-01  3.68522e-04  5.92965e-05 
  2.62381e-01  3.51102e-04  5.86402e-05 
  2.63632e-01  2.06835e-04  5.79786e-05 
  2.64882e-01  2.25846e-04  5.73186e-05 
  2.66133e-01  2.64506e-04  5.66665e-05 
  2.67383e-01  1.83518e-04  5.60291e-05 
  2.68634e-01  1.30459e-04  5.54121e-05 
  2.69885e-01  3.08103e-05  5.48213e-05 
  2.71135e-01  1.60926e-05  5.42621e-05 
  2.72386e-01  3.02243e-05  5.37391e-05 
  2.73637e-01  4.40493e-05  5.32566e-05 
  2.74887e-01  1.37638e-04  5.28181e-05 
  2.76138e-01  9.49597e-05  5.24262e-05 
  2.77388e-01  -2.68053e-05 5.20830e-05 
  2.78639e-01  -3.41856e-05 5.17893e-05 
  2.79890e-01  -1.98258e-05 5.15455e-05 
  2.81140e-01  -2.60294e-05 5.13508e-05 
  2.82391e-01  3.40771e-05  5.12034e-05 
  2.83642e-01  -5.24444e-05 5.11010e-05 
  2.84892e-01  -2.33981e-05 5.10404e-05 
  2.86143e-01  -1.61599e-06 5.10176e-05 
  2.87393e-01  2.82678e-05  5.10285e-05 
  2.88644e-01  -5.28257e-05 5.10683e-05 
  2.89895e-01  3.23409e-07  5.11323e-05 
  2.91145e-01  2.98699e-05  5.12154e-05 
  2.92396e-01  4.18680e-06  5.13128e-05 
  2.93647e-01  3.99144e-05  5.14197e-05 
  2.94897e-01  9.37945e-05  5.15317e-05 
  2.96148e-01  5.99224e-05  5.16444e-05 
  2.97398e-01  7.27423e-05  5.17540e-05 
  2.98649e-01  7.25345e-05  5.18567e-05 
  2.99900e-01  2.43666e-04  5.19493e-05 
  3.01150e-01  1.30036e-04  5.20290e-05 
  3.02401e-01  1.28088e-04  5.20929e-05 
  3.03652e-01  1.95970e-04  5.21390e-05 
  3.04902e-01  1.71890e-04  5.21654e-05 
  3.06153e-01  2.78980e-04  5.21703e-05 
  3.07404e-01  2.51181e-04  5.21527e-05 
  3.08654e-01  2.48117e-04  5.21116e-05 
  3.09905e-01  2.03335e-04  5.20466e-05 
  3.11155e-01  1.53775e-04  5.19576e-05 
  3.12406e-01  1.98744e-04  5.18447e-05 
  3.13657e-01  2.53383e-04  5.17087e-05 
  3.14907e-01  2.34835e-04  5.15507e-05 
  3.16158e-01  1.17035e-04  5.13719e-05 
  3.17409e-01  1.19627e-04  5.11740e-05 
  3.18659e-01  1.83828e-04  5.09591e-05 
  3.19910e-01  1.87755e-04  5.07292e-05 
  3.21160e-01  1.74291e-04  5.04869e-05 
  3.22411e-01  1.59835e-04  5.02344e-05 
  3.23662e-01  1.83076e-04  4.99744e-05 
  3.24912e-01  4.08734e-05  4.97095e-05 
  3.26163e-01  1.06072e-04  4.94423e-05 
  3.27414e-01  6.97015e-05  4.91752e-05 
  3.28664e-01  1.06077e-04  4.89109e-05 
  3.29915e-01  7.62803e-05  4.86514e-05 
  3.31165e-01  1.23591e-05  4.83992e-05 
  3.32416e-01  5.37861e-05  4.81562e-05 
  3.33667e-01  -1.89844e-05 4.79242e-05 
  3.34917e-01  8.39615e-06  4.77051e-05 
  3.36168e-01  8.65404e-05  4.75002e-05 
  3.37419e-01  6.06615e-05  4.73108e-05 
  3.38669e-01  -4.18392e-05 4.71381e-05 
  3.39920e-01  6.72768e-05  4.69826e-05 
  3.41170e-01  6.42790e-05  4.68450e-05 
  3.42421e-01  -1.02127e-05 4.67252e-05 
  3.43672e-01  -2.17441e-05 4.66231e-05 
  3.44922e-01  3.02637e-05  4.65385e-05 
  3.46173e-01  -3.50136e-05 4.64703e-05 
  3.47424e-01  -5.59578e-05 4.64177e-05 
  3.48674e-01  -2.31836e-05 4.63793e-05 
  3.49925e-01  1.09474e-04  4.63537e-05 
  3.51175e-01  -3.84541e-05 4.63392e-05 
  3.52426e-01  6.38814e-06  4.63340e-05 
  3.53677e-01  2.21181e-05  4.63364e-05 
  3.54927e-01  3.30509e-06  4.63444e-05 
  3.56178e-01  7.78888e-05  4.63561e-05 
  3.57429e-01  7.22607e-05  4.63698e-05 
  3.58679e-01  7.52428e-05  4.63838e-05 
  3.59930e-01  3.02451e-05  4.63964e-05 
  3.61180e-01  1.67029e-05  4.64062e-05 
  3.62431e-01  5.10578e-05  4.64116e-05 
  3.63682e-01  2.64629e-05  4.64114e-05 
  3.64932e-01  5.02187e-05  4.64046e-05 
  3.66183e-01  5.08451e-05  4.63900e-05 
  3.67434e-01  9.35130e-05  4.63666e-05 
  3.68684e-01  1.37279e-04  4.63340e-05 
  3.69935e-01  1.08899e-04  4.62912e-05 
  3.71185e-01  1.19135e-04  4.62380e-05 
  3.72436e-01  8.99721e-05  4.61739e-05 
  3.73687e-01  8.11725e-05  4.60990e-05 
  3.74937e-01  1.16935e-04  4.60132e-05 
  3.76188e-01  1.19898e-04  4.59168e-05 
  3.77439e-01  7.97222e-05  4.58102e-05 
  3.78689e-01  1.11833e-04  4.56941e-05 
  3.79940e-01  7.51155e-05  4.55692e-05 
  3.81190e-01  -1.17292e-05 4.54365e-05 
  3.82441e-01  9.78171e-05  4.52971e-05 
  3.83692e-01  7.84553e-05  4.51521e-05 
  3.84942e-01  9.33462e-05  4.50029e-05 
  3.86193e-01  8.27614e-05  4.48506e-05 
  3.87444e-01  3.20114e-05  4.46968e-05 
  3.88694e-01  -1.69754e-05 4.45426e-05 
  3.89945e-01  5.68162e-05  4.43894e-05 
  3.91195e-01  3.90766e-05  4.42384e-05 
  3.92446e-01  7.77598e-05  4.40908e-05 
  3.93697e-01  2.99915e-05  4.39475e-05 
  3.94947e-01  2.38453e-05  4.38096e-05 
  3.96198e-01  6.49015e-05  4.36779e-05 
  3.97449e-01  -8.48494e-05 4.35532e-05 
  3.98699e-01  -1.51535e-05 4.34361e-05 
  3.99950e-01  -1.55410e-05 4.33271e-05 
  4.01201e-01  -3.42212e-06 4.32265e-05 
  4.02451e-01  -2.74993e-05 4.31348e-05 
  4.03702e-01  5.79004e-05  4.30519e-05 
  4.04952e-01  -4.05635e-05 4.29780e-05 
  4.06203e-01  -7.32777e-05 4.29129e-05 
  4.07454e-01  1.34151e-05  4.28563e-05 
  4.08704e-01  4.53581e-06  4.28079e-05 
  4.09955e-01  -2.00622e-05 4.27672e-05 
  4.11206e-01  9.21389e-05  4.27337e-05 
  4.12456e-01  1.68181e-05  4.27065e-05 
  4.13707e-01  8.11145e-05  4.26850e-05 
  4.14957e-01  -1.27566e-06 4.26682e-05 
  4.16208e-01  1.52224e-05  4.26553e-05 
  4.17459e-01  3.23879e-05  4.26452e-05 
  4.18709e-01  -4.50149e-05 4.26373e-05 
  4.19960e-01  4.98158e-05  4.26303e-05 
  4.21211e-01  6.98207e-05  4.26235e-05 
  4.22461e-01  3.08293e-05  4.26161e-05 
  4.23712e-01  1.15320e-05  4.26071e-05 
  4.24962e-01  4.48899e-05  4.25959e-05 
  4.26213e-01  1.25401e-04  4.25817e-05 
  4.27464e-01  1.21063e-04  4.25639e-05 
  4.28714e-01  4.34770e-05  4.25421e-05 
  4.29965e-01  3.71107e-05  4.25156e-05 
  4.31216e-01  7.15651e-05  4.24842e-05 
  4.32466e-01  3.64133e-05  4.24474e-05 
  4.33717e-01  1.65414e-04  4.24051e-05 
  4.34967e-01  1.38277e-04  4.23570e-05 
  4.36218e-01  1.49227e-04  4.23031e-05 
  4.37469e-01  1.81249e-04  4.22433e-05 
  4.38719e-01  1.07109e-04  4.21778e-05 
  4.39970e-01  6.93392e-05  4.21066e-05 
  4.41221e-01  8.58913e-05  4.20300e-05 
  4.42471e-01  2.88494e-05  4.19484e-05 
  4.43722e-01  7.70991e-05  4.18621e-05 
  4.44972e-01  1.49431e-05  4.17717e-05 
  4.46223e-01  6.49713e-05  4.16776e-05 
  4.47474e-01  7.17728e-05  4.15805e-05 
  4.48724e-01  6.47745e-05  4.14810e-05 
  4.49975e-01  6.12240e-05  4.13798e-05 
  4.51226e-01  2.09789e-05  4.12776e-05 
  4.52476e-01  6.49794e-05  4.11751e-05 
  4.53727e-01  5.83393e-05  4.10729e-05 
  4.54977e-01  -9.79532e-06 4.09719e-05 
  4.56228e-01  6.27871e-05  4.08725e-05 
  4.57479e-01  -2.83240e-05 4.07754e-05 
  4.58729e-01  3.23282e-05  4.06813e-05 
  4.59980e-01  3.64743e-05  4.05904e-05 
  4.61231e-01  4.51568e-05  4.05032e-05 
  4.62481e-01  -8.29405e-05 4.04203e-05 
  4.63732e-01  -2.78584e-05 4.03416e-05 
  4.64982e-01  -2.75294e-05 4.02677e-05 
  4.66233e-01  3.03583e-05  4.01983e-05 
  4.67484e-01  1.53183e-06  4.01338e-05 
  4.68734e-01  3.78122e-05  4.00740e-05 
  4.69985e-01  5.53175e-05  4.00189e-05 
  4.71236e-01  -6.48789e-05 3.99683e-05 
  4.72486e-01  1.23384e-05  3.99220e-05 
  4.73737e-01  -4.21138e-05 3.98797e-05 
  4.74987e-01  -3.35735e-05 3.98411e-05 
  4.76238e-01  -1.89386e-06 3.98058e-05 
  4.77489e-01  7.02225e-05  3.97734e-05 
  4.78739e-01  -6.79385e-05 3.97435e-05 
  4.79990e-01  3.35311e-05  3.97156e-05 
  4.81241e-01  2.27977e-05  3.96892e-05 
  4.82491e-01  1.11294e-05  3.96639e-05 
  4.83742e-01  -4.96537e-05 3.96390e-05 
  4.84992e-01  -2.35096e-06 3.96143e-05 
  4.86243e-01  -3.46227e-05 3.95891e-05 
  4.87494e-01  2.04812e-05  3.95631e-05 
  4.88744e-01  1.03685e-04  3.95357e-05 
  4.89995e-01  1.02064e-04  3.95065e-05 
  4.91246e-01  5.39094e-05  3.94752e-05 
  4.92496e-01  4.03653e-05  3.94416e-05 
  4.93747e-01  6.88029e-05  3.94051e-05 
  4.94997e-01  6.24625e-05  3.93657e-05 
  4.96248e-01  4.07236e-06  3.93232e-05 
  4.97499e-01  5.28863e-05  3.92774e-05 
  4.98749e-01  6.21252e-05  3.92283e-05 
  5.00000e-01  1.32347e-05  3.91759e-05 
