# r                 p(r)             
  1.57326e+00       0.00000e+00      
  4.71979e+00       1.22507e-02      
  7.86632e+00       4.54855e-02      
  1.10128e+01       9.67947e-02      
  1.41594e+01       1.62616e-01      
  1.73059e+01       2.39335e-01      
  2.04524e+01       3.24293e-01      
  2.35989e+01       4.12502e-01      
  2.67455e+01       5.03541e-01      
  2.98920e+01       5.92996e-01      
  3.30385e+01       6.79097e-01      
  3.61851e+01       7.58745e-01      
  3.93316e+01       8.31658e-01      
  4.24781e+01       8.90815e-01      
  4.56246e+01       9.39952e-01      
  4.87712e+01       9.75589e-01      
  5.19177e+01       9.93952e-01      
  5.50642e+01       1.00000e+00      
  5.82107e+01       9.88750e-01      
  6.13573e+01       9.62703e-01      
  6.45038e+01       9.18585e-01      
  6.76503e+01       8.64574e-01      
  7.07968e+01       7.95412e-01      
  7.39434e+01       7.17533e-01      
  7.70899e+01       6.30807e-01      
  8.02364e+01       5.35204e-01      
  8.33829e+01       4.37321e-01      
  8.65295e+01       3.40474e-01      
  8.96760e+01       2.51536e-01      
  9.28225e+01       1.76228e-01      
  9.59691e+01       1.19340e-01      
  9.91156e+01       8.74882e-02      
  1.02262e+02       8.26694e-02      
  1.05409e+02       8.56534e-02      
  1.08555e+02       8.84946e-02      
  1.11702e+02       9.11816e-02      
  1.14848e+02       9.35505e-02      
  1.17995e+02       9.60575e-02      
  1.21141e+02       9.82914e-02      
  1.24288e+02       1.00366e-01      
  1.27434e+02       1.02358e-01      
  1.30581e+02       1.04181e-01      
  1.33727e+02       1.05957e-01      
  1.36874e+02       1.07369e-01      
  1.40020e+02       1.08674e-01      
  1.43167e+02       1.09743e-01      
  1.46313e+02       1.10545e-01      
  1.49460e+02       1.11203e-01      
  1.52607e+02       1.11966e-01      
  1.55753e+02       1.12298e-01      
  1.58900e+02       1.12513e-01      
  1.62046e+02       1.12290e-01      
  1.65193e+02       1.11941e-01      
  1.68339e+02       1.11556e-01      
  1.71486e+02       1.10943e-01      
  1.74632e+02       1.10184e-01      
  1.77779e+02       1.09135e-01      
  1.80925e+02       1.07865e-01      
  1.84072e+02       1.06510e-01      
  1.87218e+02       1.04892e-01      
  1.90365e+02       1.02922e-01      
  1.93511e+02       1.00860e-01      
  1.96658e+02       9.86612e-02      
  1.99804e+02       9.62142e-02      
  2.02951e+02       9.35752e-02      
  2.06097e+02       9.07662e-02      
  2.09244e+02       8.76774e-02      
  2.12391e+02       8.44192e-02      
  2.15537e+02       8.13155e-02      
  2.18684e+02       7.77814e-02      
  2.21830e+02       7.41655e-02      
  2.24977e+02       7.04758e-02      
  2.28123e+02       6.66766e-02      
  2.31270e+02       6.28674e-02      
  2.34416e+02       5.89696e-02      
  2.37563e+02       5.52171e-02      
  2.40709e+02       5.11778e-02      
  2.43856e+02       4.73886e-02      
  2.47002e+02       4.33601e-02      
  2.50149e+02       3.95451e-02      
  2.53295e+02       3.56430e-02      
  2.56442e+02       3.19630e-02      
  2.59588e+02       2.83496e-02      
  2.62735e+02       2.47473e-02      
  2.65881e+02       2.14165e-02      
  2.69028e+02       1.82424e-02      
  2.72175e+02       1.51140e-02      
  2.75321e+02       1.21254e-02      
  2.78468e+02       9.49465e-03      
  2.81614e+02       7.11946e-03      
  2.84761e+02       5.02571e-03      
  2.87907e+02       3.23106e-03      
  2.91054e+02       1.81277e-03      
  2.94200e+02       7.73832e-04      
  2.97347e+02       1.92262e-04      
  3.00493e+02       7.04885e-06      
  3.03640e+02       5.39710e-08      
  3.06786e+02       0.00000e+00      
  3.09933e+02       0.00000e+00      
  3.13079e+02       0.00000e+00      
