# Theoretical SAS data
# q            I           
  1.00000e-03  9.99218e-01 
  2.25063e-03  9.96048e-01 
  3.50125e-03  9.90470e-01 
  4.75188e-03  9.82535e-01 
  6.00251e-03  9.72315e-01 
  7.25313e-03  9.59903e-01 
  8.50376e-03  9.45411e-01 
  9.75439e-03  9.28965e-01 
  1.10050e-02  9.10710e-01 
  1.22556e-02  8.90799e-01 
  1.35063e-02  8.69400e-01 
  1.47569e-02  8.46685e-01 
  1.60075e-02  8.22834e-01 
  1.72581e-02  7.98029e-01 
  1.85088e-02  7.72451e-01 
  1.97594e-02  7.46282e-01 
  2.10100e-02  7.19697e-01 
  2.22607e-02  6.92867e-01 
  2.35113e-02  6.65953e-01 
  2.47619e-02  6.39108e-01 
  2.60125e-02  6.12472e-01 
  2.72632e-02  5.86173e-01 
  2.85138e-02  5.60328e-01 
  2.97644e-02  5.35037e-01 
  3.10150e-02  5.10389e-01 
  3.22657e-02  4.86457e-01 
  3.35163e-02  4.63301e-01 
  3.47669e-02  4.40966e-01 
  3.60175e-02  4.19487e-01 
  3.72682e-02  3.98884e-01 
  3.85188e-02  3.79168e-01 
  3.97694e-02  3.60339e-01 
  4.10201e-02  3.42388e-01 
  4.22707e-02  3.25299e-01 
  4.35213e-02  3.09049e-01 
  4.47719e-02  2.93609e-01 
  4.60226e-02  2.78948e-01 
  4.72732e-02  2.65029e-01 
  4.85238e-02  2.51817e-01 
  4.97744e-02  2.39271e-01 
  5.10251e-02  2.27353e-01 
  5.22757e-02  2.16026e-01 
  5.35263e-02  2.05252e-01 
  5.47769e-02  1.94996e-01 
  5.60276e-02  1.85224e-01 
  5.72782e-02  1.75906e-01 
  5.85288e-02  1.67013e-01 
  5.97794e-02  1.58518e-01 
  6.10301e-02  1.50398e-01 
  6.22807e-02  1.42632e-01 
  6.35313e-02  1.35201e-01 
  6.47820e-02  1.28089e-01 
  6.60326e-02  1.21280e-01 
  6.72832e-02  1.14762e-01 
  6.85338e-02  1.08524e-01 
  6.97845e-02  1.02554e-01 
  7.10351e-02  9.68446e-02 
  7.22857e-02  9.13861e-02 
  7.35363e-02  8.61712e-02 
  7.47870e-02  8.11922e-02 
  7.60376e-02  7.64421e-02 
  7.72882e-02  7.19139e-02 
  7.85388e-02  6.76008e-02 
  7.97895e-02  6.34959e-02 
  8.10401e-02  5.95924e-02 
  8.22907e-02  5.58833e-02 
  8.35414e-02  5.23617e-02 
  8.47920e-02  4.90208e-02 
  8.60426e-02  4.58536e-02 
  8.72932e-02  4.28532e-02 
  8.85439e-02  4.00128e-02 
  8.97945e-02  3.73258e-02 
  9.10451e-02  3.47855e-02 
  9.22957e-02  3.23856e-02 
  9.35464e-02  3.01200e-02 
  9.47970e-02  2.79828e-02 
  9.60476e-02  2.59682e-02 
  9.72982e-02  2.40708e-02 
  9.85489e-02  2.22856e-02 
  9.97995e-02  2.06074e-02 
  1.01050e-01  1.90317e-02 
  1.02301e-01  1.75540e-02 
  1.03551e-01  1.61700e-02 
  1.04802e-01  1.48756e-02 
  1.06053e-01  1.36668e-02 
  1.07303e-01  1.25400e-02 
  1.08554e-01  1.14915e-02 
  1.09805e-01  1.05177e-02 
  1.11055e-01  9.61513e-03 
  1.12306e-01  8.78049e-03 
  1.13556e-01  8.01046e-03 
  1.14807e-01  7.30182e-03 
  1.16058e-01  6.65140e-03 
  1.17308e-01  6.05610e-03 
  1.18559e-01  5.51289e-03 
  1.19810e-01  5.01879e-03 
  1.21060e-01  4.57091e-03 
  1.22311e-01  4.16643e-03 
  1.23561e-01  3.80260e-03 
  1.24812e-01  3.47678e-03 
  1.26063e-01  3.18640e-03 
  1.27313e-01  2.92900e-03 
  1.28564e-01  2.70219e-03 
  1.29815e-01  2.50371e-03 
  1.31065e-01  2.33139e-03 
  1.32316e-01  2.18315e-03 
  1.33566e-01  2.05702e-03 
  1.34817e-01  1.95112e-03 
  1.36068e-01  1.86366e-03 
  1.37318e-01  1.79295e-03 
  1.38569e-01  1.73737e-03 
  1.39820e-01  1.69540e-03 
  1.41070e-01  1.66559e-03 
  1.42321e-01  1.64657e-03 
  1.43571e-01  1.63704e-03 
  1.44822e-01  1.63577e-03 
  1.46073e-01  1.64161e-03 
  1.47323e-01  1.65346e-03 
  1.48574e-01  1.67032e-03 
  1.49825e-01  1.69122e-03 
  1.51075e-01  1.71528e-03 
  1.52326e-01  1.74167e-03 
  1.53576e-01  1.76965e-03 
  1.54827e-01  1.79850e-03 
  1.56078e-01  1.82762e-03 
  1.57328e-01  1.85642e-03 
  1.58579e-01  1.88442e-03 
  1.59830e-01  1.91116e-03 
  1.61080e-01  1.93626e-03 
  1.62331e-01  1.95938e-03 
  1.63581e-01  1.98025e-03 
  1.64832e-01  1.99863e-03 
  1.66083e-01  2.01432e-03 
  1.67333e-01  2.02719e-03 
  1.68584e-01  2.03711e-03 
  1.69835e-01  2.04401e-03 
  1.71085e-01  2.04783e-03 
  1.72336e-01  2.04854e-03 
  1.73586e-01  2.04614e-03 
  1.74837e-01  2.04065e-03 
  1.76088e-01  2.03209e-03 
  1.77338e-01  2.02052e-03 
  1.78589e-01  2.00598e-03 
  1.79840e-01  1.98856e-03 
  1.81090e-01  1.96833e-03 
  1.82341e-01  1.94539e-03 
  1.83591e-01  1.91984e-03 
  1.84842e-01  1.89179e-03 
  1.86093e-01  1.86135e-03 
  1.87343e-01  1.82867e-03 
  1.88594e-01  1.79386e-03 
  1.89845e-01  1.75709e-03 
  1.91095e-01  1.71851e-03 
  1.92346e-01  1.67826e-03 
  1.93596e-01  1.63653e-03 
  1.94847e-01  1.59347e-03 
  1.96098e-01  1.54927e-03 
  1.97348e-01  1.50410e-03 
  1.98599e-01  1.45813e-03 
  1.99850e-01  1.41156e-03 
  2.01100e-01  1.36455e-03 
  2.02351e-01  1.31728e-03 
  2.03602e-01  1.26991e-03 
  2.04852e-01  1.22262e-03 
  2.06103e-01  1.17556e-03 
  2.07353e-01  1.12888e-03 
  2.08604e-01  1.08271e-03 
  2.09855e-01  1.03720e-03 
  2.11105e-01  9.92474e-04 
  2.12356e-01  9.48636e-04 
  2.13607e-01  9.05795e-04 
  2.14857e-01  8.64046e-04 
  2.16108e-01  8.23475e-04 
  2.17358e-01  7.84159e-04 
  2.18609e-01  7.46166e-04 
  2.19860e-01  7.09555e-04 
  2.21110e-01  6.74378e-04 
  2.22361e-01  6.40679e-04 
  2.23612e-01  6.08492e-04 
  2.24862e-01  5.77847e-04 
  2.26113e-01  5.48765e-04 
  2.27363e-01  5.21260e-04 
  2.28614e-01  4.95340e-04 
  2.29865e-01  4.71004e-04 
  2.31115e-01  4.48247e-04 
  2.32366e-01  4.27057e-04 
  2.33617e-01  4.07413e-04 
  2.34867e-01  3.89290e-04 
  2.36118e-01  3.72656e-04 
  2.37368e-01  3.57474e-04 
  2.38619e-01  3.43700e-04 
  2.39870e-01  3.31286e-04 
  2.41120e-01  3.20179e-04 
  2.42371e-01  3.10321e-04 
  2.43622e-01  3.01653e-04 
  2.44872e-01  2.94109e-04 
  2.46123e-01  2.87624e-04 
  2.47373e-01  2.82131e-04 
  2.48624e-01  2.77560e-04 
  2.49875e-01  2.73842e-04 
  2.51125e-01  2.70909e-04 
  2.52376e-01  2.68691e-04 
  2.53627e-01  2.67122e-04 
  2.54877e-01  2.66136e-04 
  2.56128e-01  2.65669e-04 
  2.57378e-01  2.65660e-04 
  2.58629e-01  2.66049e-04 
  2.59880e-01  2.66779e-04 
  2.61130e-01  2.67795e-04 
  2.62381e-01  2.69045e-04 
  2.63632e-01  2.70479e-04 
  2.64882e-01  2.72049e-04 
  2.66133e-01  2.73710e-04 
  2.67383e-01  2.75418e-04 
  2.68634e-01  2.77133e-04 
  2.69885e-01  2.78814e-04 
  2.71135e-01  2.80426e-04 
  2.72386e-01  2.81934e-04 
  2.73637e-01  2.83305e-04 
  2.74887e-01  2.84509e-04 
  2.76138e-01  2.85520e-04 
  2.77388e-01  2.86311e-04 
  2.78639e-01  2.86860e-04 
  2.79890e-01  2.87150e-04 
  2.81140e-01  2.87163e-04 
  2.82391e-01  2.86887e-04 
  2.83642e-01  2.86312e-04 
  2.84892e-01  2.85432e-04 
  2.86143e-01  2.84244e-04 
  2.87393e-01  2.82748e-04 
  2.88644e-01  2.80949e-04 
  2.89895e-01  2.78851e-04 
  2.91145e-01  2.76464e-04 
  2.92396e-01  2.73801e-04 
  2.93647e-01  2.70875e-04 
  2.94897e-01  2.67702e-04 
  2.96148e-01  2.64299e-04 
  2.97398e-01  2.60686e-04 
  2.98649e-01  2.56883e-04 
  2.99900e-01  2.52909e-04 
  3.01150e-01  2.48787e-04 
  3.02401e-01  2.44536e-04 
  3.03652e-01  2.40179e-04 
  3.04902e-01  2.35735e-04 
  3.06153e-01  2.31224e-04 
  3.07404e-01  2.26667e-04 
  3.08654e-01  2.22082e-04 
  3.09905e-01  2.17486e-04 
  3.11155e-01  2.12897e-04 
  3.12406e-01  2.08330e-04 
  3.13657e-01  2.03801e-04 
  3.14907e-01  1.99324e-04 
  3.16158e-01  1.94912e-04 
  3.17409e-01  1.90578e-04 
  3.18659e-01  1.86332e-04 
  3.19910e-01  1.82185e-04 
  3.21160e-01  1.78147e-04 
  3.22411e-01  1.74225e-04 
  3.23662e-01  1.70428e-04 
  3.24912e-01  1.66761e-04 
  3.26163e-01  1.63231e-04 
  3.27414e-01  1.59841e-04 
  3.28664e-01  1.56596e-04 
  3.29915e-01  1.53498e-04 
  3.31165e-01  1.50549e-04 
  3.32416e-01  1.47748e-04 
  3.33667e-01  1.45096e-04 
  3.34917e-01  1.42592e-04 
  3.36168e-01  1.40235e-04 
  3.37419e-01  1.38021e-04 
  3.38669e-01  1.35947e-04 
  3.39920e-01  1.34011e-04 
  3.41170e-01  1.32208e-04 
  3.42421e-01  1.30535e-04 
  3.43672e-01  1.28987e-04 
  3.44922e-01  1.27560e-04 
  3.46173e-01  1.26249e-04 
  3.47424e-01  1.25050e-04 
  3.48674e-01  1.23958e-04 
  3.49925e-01  1.22971e-04 
  3.51175e-01  1.22082e-04 
  3.52426e-01  1.21288e-04 
  3.53677e-01  1.20585e-04 
  3.54927e-01  1.19969e-04 
  3.56178e-01  1.19434e-04 
  3.57429e-01  1.18977e-04 
  3.58679e-01  1.18592e-04 
  3.59930e-01  1.18275e-04 
  3.61180e-01  1.18020e-04 
  3.62431e-01  1.17820e-04 
  3.63682e-01  1.17671e-04 
  3.64932e-01  1.17564e-04 
  3.66183e-01  1.17494e-04 
  3.67434e-01  1.17452e-04 
  3.68684e-01  1.17432e-04 
  3.69935e-01  1.17426e-04 
  3.71185e-01  1.17425e-04 
  3.72436e-01  1.17423e-04 
  3.73687e-01  1.17411e-04 
  3.74937e-01  1.17383e-04 
  3.76188e-01  1.17331e-04 
  3.77439e-01  1.17250e-04 
  3.78689e-01  1.17133e-04 
  3.79940e-01  1.16976e-04 
  3.81190e-01  1.16774e-04 
  3.82441e-01  1.16523e-04 
  3.83692e-01  1.16222e-04 
  3.84942e-01  1.15867e-04 
  3.86193e-01  1.15458e-04 
  3.87444e-01  1.14994e-04 
  3.88694e-01  1.14475e-04 
  3.89945e-01  1.13902e-04 
  3.91195e-01  1.13275e-04 
  3.92446e-01  1.12597e-04 
  3.93697e-01  1.11869e-04 
  3.94947e-01  1.11093e-04 
  3.96198e-01  1.10271e-04 
  3.97449e-01  1.09405e-04 
  3.98699e-01  1.08497e-04 
  3.99950e-01  1.07549e-04 
  4.01201e-01  1.06563e-04 
  4.02451e-01  1.05541e-04 
  4.03702e-01  1.04484e-04 
  4.04952e-01  1.03393e-04 
  4.06203e-01  1.02271e-04 
  4.07454e-01  1.01118e-04 
  4.08704e-01  9.99364e-05 
  4.09955e-01  9.87266e-05 
  4.11206e-01  9.74905e-05 
  4.12456e-01  9.62297e-05 
  4.13707e-01  9.49462e-05 
  4.14957e-01  9.36420e-05 
  4.16208e-01  9.23195e-05 
  4.17459e-01  9.09816e-05 
  4.18709e-01  8.96310e-05 
  4.19960e-01  8.82713e-05 
  4.21211e-01  8.69059e-05 
  4.22461e-01  8.55388e-05 
  4.23712e-01  8.41742e-05 
  4.24962e-01  8.28163e-05 
  4.26213e-01  8.14697e-05 
  4.27464e-01  8.01390e-05 
  4.28714e-01  7.88287e-05 
  4.29965e-01  7.75434e-05 
  4.31216e-01  7.62876e-05 
  4.32466e-01  7.50657e-05 
  4.33717e-01  7.38818e-05 
  4.34967e-01  7.27397e-05 
  4.36218e-01  7.16431e-05 
  4.37469e-01  7.05950e-05 
  4.38719e-01  6.95984e-05 
  4.39970e-01  6.86557e-05 
  4.41221e-01  6.77686e-05 
  4.42471e-01  6.69389e-05 
  4.43722e-01  6.61674e-05 
  4.44972e-01  6.54548e-05 
  4.46223e-01  6.48010e-05 
  4.47474e-01  6.42058e-05 
  4.48724e-01  6.36684e-05 
  4.49975e-01  6.31873e-05 
  4.51226e-01  6.27611e-05 
  4.52476e-01  6.23877e-05 
  4.53727e-01  6.20647e-05 
  4.54977e-01  6.17894e-05 
  4.56228e-01  6.15589e-05 
  4.57479e-01  6.13701e-05 
  4.58729e-01  6.12197e-05 
  4.59980e-01  6.11041e-05 
  4.61231e-01  6.10198e-05 
  4.62481e-01  6.09632e-05 
  4.63732e-01  6.09307e-05 
  4.64982e-01  6.09187e-05 
  4.66233e-01  6.09237e-05 
  4.67484e-01  6.09424e-05 
  4.68734e-01  6.09714e-05 
  4.69985e-01  6.10076e-05 
  4.71236e-01  6.10480e-05 
  4.72486e-01  6.10898e-05 
  4.73737e-01  6.11304e-05 
  4.74987e-01  6.11672e-05 
  4.76238e-01  6.11979e-05 
  4.77489e-01  6.12202e-05 
  4.78739e-01  6.12321e-05 
  4.79990e-01  6.12316e-05 
  4.81241e-01  6.12166e-05 
  4.82491e-01  6.11854e-05 
  4.83742e-01  6.11360e-05 
  4.84992e-01  6.10666e-05 
  4.86243e-01  6.09756e-05 
  4.87494e-01  6.08611e-05 
  4.88744e-01  6.07214e-05 
  4.89995e-01  6.05550e-05 
  4.91246e-01  6.03603e-05 
  4.92496e-01  6.01358e-05 
  4.93747e-01  5.98803e-05 
  4.94997e-01  5.95928e-05 
  4.96248e-01  5.92725e-05 
  4.97499e-01  5.89188e-05 
  4.98749e-01  5.85316e-05 
  5.00000e-01  5.81111e-05 
