# Simulated SAS data with noise
# sigma generated using Sedlak et al, k=100000, c=0.55, https://doi.org/10.1107/S1600576717003077, and rebinned with 10 per bin)
# q            I            sigma       
  1.00000e-03  3.65249e-01  1.29565e-02 
  2.25063e-03  3.63499e-01  8.62281e-03 
  3.50125e-03  3.53826e-01  6.89403e-03 
  4.75188e-03  3.60258e-01  5.89400e-03 
  6.00251e-03  3.61190e-01  5.21690e-03 
  7.25313e-03  3.58220e-01  4.71557e-03 
  8.50376e-03  3.60048e-01  4.32213e-03 
  9.75439e-03  3.53722e-01  4.00041e-03 
  1.10050e-02  3.41969e-01  3.72917e-03 
  1.22556e-02  3.29641e-01  3.49506e-03 
  1.35063e-02  3.23830e-01  3.28921e-03 
  1.47569e-02  3.18290e-01  3.10550e-03 
  1.60075e-02  3.08193e-01  2.93957e-03 
  1.72581e-02  3.00695e-01  2.78821e-03 
  1.85088e-02  2.88652e-01  2.64902e-03 
  1.97594e-02  2.83364e-01  2.52017e-03 
  2.10100e-02  2.71097e-01  2.40026e-03 
  2.22607e-02  2.62377e-01  2.28815e-03 
  2.35113e-02  2.52092e-01  2.18297e-03 
  2.47619e-02  2.36768e-01  2.08400e-03 
  2.60125e-02  2.32840e-01  1.99065e-03 
  2.72632e-02  2.19356e-01  1.90245e-03 
  2.85138e-02  2.11880e-01  1.81899e-03 
  2.97644e-02  2.04313e-01  1.73993e-03 
  3.10150e-02  1.91892e-01  1.66497e-03 
  3.22657e-02  1.83812e-01  1.59387e-03 
  3.35163e-02  1.75957e-01  1.52640e-03 
  3.47669e-02  1.64982e-01  1.46235e-03 
  3.60175e-02  1.56536e-01  1.40153e-03 
  3.72682e-02  1.48702e-01  1.34379e-03 
  3.85188e-02  1.42667e-01  1.28895e-03 
  3.97694e-02  1.34418e-01  1.23686e-03 
  4.10201e-02  1.28475e-01  1.18738e-03 
  4.22707e-02  1.24275e-01  1.14036e-03 
  4.35213e-02  1.17386e-01  1.09567e-03 
  4.47719e-02  1.11094e-01  1.05318e-03 
  4.60226e-02  1.04092e-01  1.01276e-03 
  4.72732e-02  9.99395e-02  9.74281e-04 
  4.85238e-02  9.46089e-02  9.37625e-04 
  4.97744e-02  8.99472e-02  9.02677e-04 
  5.10251e-02  8.54979e-02  8.69325e-04 
  5.22757e-02  8.32349e-02  8.37464e-04 
  5.35263e-02  7.69374e-02  8.06993e-04 
  5.47769e-02  7.32332e-02  7.77818e-04 
  5.60276e-02  7.08655e-02  7.49852e-04 
  5.72782e-02  6.74628e-02  7.23012e-04 
  5.85288e-02  6.41586e-02  6.97223e-04 
  5.97794e-02  6.08867e-02  6.72416e-04 
  6.10301e-02  5.55183e-02  6.48528e-04 
  6.22807e-02  5.46780e-02  6.25502e-04 
  6.35313e-02  5.18332e-02  6.03288e-04 
  6.47820e-02  4.94548e-02  5.81839e-04 
  6.60326e-02  4.60585e-02  5.61116e-04 
  6.72832e-02  4.29143e-02  5.41082e-04 
  6.85338e-02  4.10507e-02  5.21706e-04 
  6.97845e-02  3.88374e-02  5.02960e-04 
  7.10351e-02  3.59522e-02  4.84819e-04 
  7.22857e-02  3.45941e-02  4.67261e-04 
  7.35363e-02  3.25753e-02  4.50265e-04 
  7.47870e-02  3.06026e-02  4.33814e-04 
  7.60376e-02  2.92914e-02  4.17892e-04 
  7.72882e-02  2.69112e-02  4.02483e-04 
  7.85388e-02  2.55469e-02  3.87573e-04 
  7.97895e-02  2.39343e-02  3.73148e-04 
  8.10401e-02  2.21542e-02  3.59195e-04 
  8.22907e-02  2.18752e-02  3.45701e-04 
  8.35414e-02  2.00512e-02  3.32653e-04 
  8.47920e-02  1.90109e-02  3.20039e-04 
  8.60426e-02  1.78019e-02  3.07847e-04 
  8.72932e-02  1.57419e-02  2.96064e-04 
  8.85439e-02  1.50057e-02  2.84678e-04 
  8.97945e-02  1.43301e-02  2.73678e-04 
  9.10451e-02  1.33641e-02  2.63052e-04 
  9.22957e-02  1.23303e-02  2.52790e-04 
  9.35464e-02  1.15750e-02  2.42880e-04 
  9.47970e-02  1.03236e-02  2.33314e-04 
  9.60476e-02  9.99343e-03  2.24082e-04 
  9.72982e-02  9.09429e-03  2.15176e-04 
  9.85489e-02  8.23256e-03  2.06587e-04 
  9.97995e-02  7.47131e-03  1.98308e-04 
  1.01050e-01  7.17782e-03  1.90334e-04 
  1.02301e-01  6.75447e-03  1.82659e-04 
  1.03551e-01  5.89008e-03  1.75278e-04 
  1.04802e-01  6.01807e-03  1.68186e-04 
  1.06053e-01  5.02197e-03  1.61380e-04 
  1.07303e-01  4.59198e-03  1.54857e-04 
  1.08554e-01  4.31289e-03  1.48614e-04 
  1.09805e-01  3.92049e-03  1.42649e-04 
  1.11055e-01  3.66986e-03  1.36960e-04 
  1.12306e-01  3.26226e-03  1.31546e-04 
  1.13556e-01  3.09985e-03  1.26403e-04 
  1.14807e-01  2.91413e-03  1.21530e-04 
  1.16058e-01  2.47594e-03  1.16925e-04 
  1.17308e-01  2.42767e-03  1.12586e-04 
  1.18559e-01  2.09964e-03  1.08509e-04 
  1.19810e-01  1.83967e-03  1.04692e-04 
  1.21060e-01  1.74772e-03  1.01131e-04 
  1.22311e-01  1.45853e-03  9.78203e-05 
  1.23561e-01  1.48953e-03  9.47558e-05 
  1.24812e-01  1.37731e-03  9.19313e-05 
  1.26063e-01  1.06226e-03  8.93399e-05 
  1.27313e-01  1.24172e-03  8.69741e-05 
  1.28564e-01  1.08208e-03  8.48255e-05 
  1.29815e-01  9.34134e-04  8.28849e-05 
  1.31065e-01  9.26509e-04  8.11424e-05 
  1.32316e-01  8.12691e-04  7.95874e-05 
  1.33566e-01  7.83762e-04  7.82090e-05 
  1.34817e-01  7.83913e-04  7.69955e-05 
  1.36068e-01  9.11577e-04  7.59351e-05 
  1.37318e-01  7.01484e-04  7.50157e-05 
  1.38569e-01  6.33103e-04  7.42252e-05 
  1.39820e-01  6.90638e-04  7.35514e-05 
  1.41070e-01  5.52503e-04  7.29825e-05 
  1.42321e-01  7.47865e-04  7.25069e-05 
  1.43571e-01  5.89852e-04  7.21133e-05 
  1.44822e-01  7.45444e-04  7.17910e-05 
  1.46073e-01  4.70601e-04  7.15299e-05 
  1.47323e-01  7.05653e-04  7.13202e-05 
  1.48574e-01  6.30271e-04  7.11531e-05 
  1.49825e-01  5.83106e-04  7.10203e-05 
  1.51075e-01  6.59952e-04  7.09140e-05 
  1.52326e-01  6.20908e-04  7.08275e-05 
  1.53576e-01  6.77753e-04  7.07545e-05 
  1.54827e-01  6.26977e-04  7.06894e-05 
  1.56078e-01  6.94561e-04  7.06272e-05 
  1.57328e-01  7.32734e-04  7.05636e-05 
  1.58579e-01  7.10692e-04  7.04949e-05 
  1.59830e-01  6.76180e-04  7.04179e-05 
  1.61080e-01  7.26505e-04  7.03298e-05 
  1.62331e-01  7.55656e-04  7.02285e-05 
  1.63581e-01  6.87516e-04  7.01121e-05 
  1.64832e-01  7.78455e-04  6.99792e-05 
  1.66083e-01  8.18036e-04  6.98287e-05 
  1.67333e-01  8.32151e-04  6.96597e-05 
  1.68584e-01  7.45134e-04  6.94719e-05 
  1.69835e-01  8.36805e-04  6.92647e-05 
  1.71085e-01  7.94577e-04  6.90382e-05 
  1.72336e-01  7.31270e-04  6.87923e-05 
  1.73586e-01  8.83564e-04  6.85271e-05 
  1.74837e-01  8.21109e-04  6.82430e-05 
  1.76088e-01  9.01956e-04  6.79404e-05 
  1.77338e-01  6.49473e-04  6.76196e-05 
  1.78589e-01  7.72447e-04  6.72812e-05 
  1.79840e-01  8.35928e-04  6.69257e-05 
  1.81090e-01  7.23698e-04  6.65537e-05 
  1.82341e-01  7.45992e-04  6.61660e-05 
  1.83591e-01  7.69826e-04  6.57632e-05 
  1.84842e-01  7.97897e-04  6.53461e-05 
  1.86093e-01  7.31272e-04  6.49155e-05 
  1.87343e-01  6.46216e-04  6.44722e-05 
  1.88594e-01  7.39464e-04  6.40170e-05 
  1.89845e-01  7.44433e-04  6.35510e-05 
  1.91095e-01  6.50949e-04  6.30751e-05 
  1.92346e-01  6.82235e-04  6.25904e-05 
  1.93596e-01  6.37572e-04  6.20978e-05 
  1.94847e-01  6.53713e-04  6.15984e-05 
  1.96098e-01  4.75326e-04  6.10934e-05 
  1.97348e-01  5.47702e-04  6.05838e-05 
  1.98599e-01  4.88232e-04  6.00709e-05 
  1.99850e-01  6.09230e-04  5.95558e-05 
  2.01100e-01  4.49630e-04  5.90396e-05 
  2.02351e-01  5.14046e-04  5.85234e-05 
  2.03602e-01  5.55461e-04  5.80084e-05 
  2.04852e-01  3.88125e-04  5.74957e-05 
  2.06103e-01  4.93122e-04  5.69864e-05 
  2.07353e-01  4.16447e-04  5.64813e-05 
  2.08604e-01  3.55478e-04  5.59816e-05 
  2.09855e-01  4.26069e-04  5.54881e-05 
  2.11105e-01  3.59056e-04  5.50018e-05 
  2.12356e-01  3.62747e-04  5.45234e-05 
  2.13607e-01  3.59594e-04  5.40536e-05 
  2.14857e-01  3.45411e-04  5.35932e-05 
  2.16108e-01  2.35217e-04  5.31428e-05 
  2.17358e-01  1.91911e-04  5.27030e-05 
  2.18609e-01  2.65481e-04  5.22743e-05 
  2.19860e-01  2.14916e-04  5.18571e-05 
  2.21110e-01  3.49344e-04  5.14519e-05 
  2.22361e-01  1.82542e-04  5.10590e-05 
  2.23612e-01  1.20955e-04  5.06786e-05 
  2.24862e-01  2.52357e-04  5.03111e-05 
  2.26113e-01  2.47389e-04  4.99566e-05 
  2.27363e-01  2.03261e-04  4.96152e-05 
  2.28614e-01  2.82819e-04  4.92869e-05 
  2.29865e-01  1.78165e-04  4.89719e-05 
  2.31115e-01  1.31974e-04  4.86701e-05 
  2.32366e-01  7.85034e-05  4.83813e-05 
  2.33617e-01  1.51118e-04  4.81054e-05 
  2.34867e-01  9.95131e-05  4.78423e-05 
  2.36118e-01  1.80829e-04  4.75916e-05 
  2.37368e-01  6.44473e-05  4.73530e-05 
  2.38619e-01  1.37579e-04  4.71263e-05 
  2.39870e-01  2.15767e-04  4.69109e-05 
  2.41120e-01  1.44610e-04  4.67066e-05 
  2.42371e-01  1.92598e-04  4.65127e-05 
  2.43622e-01  4.59740e-05  4.63289e-05 
  2.44872e-01  9.25104e-05  4.61546e-05 
  2.46123e-01  1.25223e-04  4.59892e-05 
  2.47373e-01  1.12422e-04  4.58322e-05 
  2.48624e-01  9.04832e-05  4.56831e-05 
  2.49875e-01  4.00558e-05  4.55413e-05 
  2.51125e-01  8.21237e-05  4.54062e-05 
  2.52376e-01  7.03990e-05  4.52773e-05 
  2.53627e-01  9.51927e-05  4.51541e-05 
  2.54877e-01  1.12057e-04  4.50360e-05 
  2.56128e-01  1.29862e-04  4.49225e-05 
  2.57378e-01  1.22145e-04  4.48131e-05 
  2.58629e-01  1.57460e-04  4.47075e-05 
  2.59880e-01  3.23074e-05  4.46050e-05 
  2.61130e-01  1.16671e-04  4.45054e-05 
  2.62381e-01  1.08532e-04  4.44082e-05 
  2.63632e-01  8.17684e-05  4.43130e-05 
  2.64882e-01  6.74931e-05  4.42195e-05 
  2.66133e-01  7.63863e-05  4.41274e-05 
  2.67383e-01  8.81343e-05  4.40362e-05 
  2.68634e-01  1.15937e-04  4.39457e-05 
  2.69885e-01  1.04026e-04  4.38557e-05 
  2.71135e-01  1.78962e-04  4.37658e-05 
  2.72386e-01  1.47540e-04  4.36759e-05 
  2.73637e-01  1.72817e-04  4.35856e-05 
  2.74887e-01  1.04355e-04  4.34947e-05 
  2.76138e-01  9.86555e-05  4.34032e-05 
  2.77388e-01  1.01555e-04  4.33108e-05 
  2.78639e-01  1.49712e-04  4.32173e-05 
  2.79890e-01  9.28709e-05  4.31226e-05 
  2.81140e-01  1.23138e-04  4.30267e-05 
  2.82391e-01  5.71771e-05  4.29294e-05 
  2.83642e-01  1.06194e-04  4.28307e-05 
  2.84892e-01  1.82021e-04  4.27305e-05 
  2.86143e-01  7.92617e-05  4.26289e-05 
  2.87393e-01  1.56247e-04  4.25258e-05 
  2.88644e-01  6.78289e-05  4.24212e-05 
  2.89895e-01  1.18823e-04  4.23153e-05 
  2.91145e-01  6.64353e-05  4.22081e-05 
  2.92396e-01  1.77508e-04  4.20996e-05 
  2.93647e-01  9.04742e-05  4.19900e-05 
  2.94897e-01  1.66645e-04  4.18793e-05 
  2.96148e-01  8.73565e-05  4.17678e-05 
  2.97398e-01  7.49188e-05  4.16554e-05 
  2.98649e-01  6.47398e-05  4.15424e-05 
  2.99900e-01  5.80499e-05  4.14290e-05 
  3.01150e-01  1.41806e-04  4.13151e-05 
  3.02401e-01  8.56538e-05  4.12010e-05 
  3.03652e-01  1.59715e-04  4.10868e-05 
  3.04902e-01  6.12949e-05  4.09727e-05 
  3.06153e-01  1.21255e-04  4.08587e-05 
  3.07404e-01  6.45118e-05  4.07451e-05 
  3.08654e-01  5.27343e-05  4.06318e-05 
  3.09905e-01  1.08328e-04  4.05191e-05 
  3.11155e-01  9.64800e-05  4.04070e-05 
  3.12406e-01  3.23671e-05  4.02957e-05 
  3.13657e-01  9.17217e-05  4.01852e-05 
  3.14907e-01  4.55909e-05  4.00756e-05 
  3.16158e-01  7.24663e-05  3.99670e-05 
  3.17409e-01  3.57175e-05  3.98595e-05 
  3.18659e-01  9.40750e-05  3.97532e-05 
  3.19910e-01  1.01736e-04  3.96480e-05 
  3.21160e-01  4.87985e-05  3.95441e-05 
  3.22411e-01  9.54418e-05  3.94415e-05 
  3.23662e-01  7.65533e-05  3.93403e-05 
  3.24912e-01  4.80083e-05  3.92404e-05 
  3.26163e-01  5.54677e-05  3.91419e-05 
  3.27414e-01  2.60412e-05  3.90449e-05 
  3.28664e-01  5.77140e-05  3.89493e-05 
  3.29915e-01  -2.11166e-06 3.88552e-05 
  3.31165e-01  1.50776e-04  3.87625e-05 
  3.32416e-01  7.76628e-05  3.86713e-05 
  3.33667e-01  -6.79476e-06 3.85815e-05 
  3.34917e-01  2.03615e-05  3.84931e-05 
  3.36168e-01  8.00918e-05  3.84062e-05 
  3.37419e-01  7.24096e-05  3.83206e-05 
  3.38669e-01  -2.29723e-06 3.82364e-05 
  3.39920e-01  9.02643e-05  3.81535e-05 
  3.41170e-01  2.93698e-05  3.80718e-05 
  3.42421e-01  1.22895e-04  3.79915e-05 
  3.43672e-01  -3.85615e-06 3.79123e-05 
  3.44922e-01  5.45460e-05  3.78344e-05 
  3.46173e-01  1.24109e-05  3.77576e-05 
  3.47424e-01  5.00515e-05  3.76819e-05 
  3.48674e-01  -1.15063e-05 3.76073e-05 
  3.49925e-01  2.98048e-05  3.75337e-05 
  3.51175e-01  7.55250e-05  3.74612e-05 
  3.52426e-01  3.19056e-05  3.73896e-05 
  3.53677e-01  5.04653e-05  3.73190e-05 
  3.54927e-01  7.80205e-05  3.72492e-05 
  3.56178e-01  4.67327e-05  3.71804e-05 
  3.57429e-01  6.15932e-05  3.71124e-05 
  3.58679e-01  7.54234e-05  3.70452e-05 
  3.59930e-01  4.36645e-05  3.69788e-05 
  3.61180e-01  1.05247e-04  3.69131e-05 
  3.62431e-01  -2.74424e-06 3.68482e-05 
  3.63682e-01  8.67049e-05  3.67838e-05 
  3.64932e-01  6.65329e-05  3.67201e-05 
  3.66183e-01  2.69428e-05  3.66569e-05 
  3.67434e-01  3.86483e-05  3.65942e-05 
  3.68684e-01  1.17421e-04  3.65319e-05 
  3.69935e-01  5.46586e-05  3.64701e-05 
  3.71185e-01  1.07655e-04  3.64086e-05 
  3.72436e-01  1.11895e-05  3.63474e-05 
  3.73687e-01  4.38417e-05  3.62864e-05 
  3.74937e-01  2.08613e-05  3.62257e-05 
  3.76188e-01  5.43585e-05  3.61651e-05 
  3.77439e-01  3.17042e-07  3.61046e-05 
  3.78689e-01  3.73743e-05  3.60443e-05 
  3.79940e-01  8.06901e-05  3.59839e-05 
  3.81190e-01  2.86565e-05  3.59236e-05 
  3.82441e-01  2.22947e-05  3.58633e-05 
  3.83692e-01  -2.56312e-05 3.58030e-05 
  3.84942e-01  9.71098e-05  3.57426e-05 
  3.86193e-01  -3.76761e-05 3.56822e-05 
  3.87444e-01  4.00077e-05  3.56217e-05 
  3.88694e-01  4.10099e-05  3.55612e-05 
  3.89945e-01  8.16256e-05  3.55007e-05 
  3.91195e-01  2.33699e-05  3.54401e-05 
  3.92446e-01  5.49490e-05  3.53795e-05 
  3.93697e-01  6.46726e-05  3.53189e-05 
  3.94947e-01  -1.52694e-05 3.52583e-05 
  3.96198e-01  4.05390e-05  3.51976e-05 
  3.97449e-01  3.46531e-05  3.51370e-05 
  3.98699e-01  3.72231e-05  3.50764e-05 
  3.99950e-01  5.91720e-05  3.50159e-05 
  4.01201e-01  7.35946e-05  3.49554e-05 
  4.02451e-01  2.43436e-05  3.48949e-05 
  4.03702e-01  -2.00622e-05 3.48345e-05 
  4.04952e-01  2.42134e-05  3.47742e-05 
  4.06203e-01  5.35119e-05  3.47140e-05 
  4.07454e-01  2.45754e-05  3.46538e-05 
  4.08704e-01  4.45950e-05  3.45938e-05 
  4.09955e-01  2.57587e-05  3.45338e-05 
  4.11206e-01  2.41755e-05  3.44739e-05 
  4.12456e-01  -2.59542e-05 3.44142e-05 
  4.13707e-01  1.76909e-05  3.43546e-05 
  4.14957e-01  6.77168e-06  3.42951e-05 
  4.16208e-01  5.52425e-05  3.42357e-05 
  4.17459e-01  2.13139e-05  3.41766e-05 
  4.18709e-01  8.67646e-05  3.41176e-05 
  4.19960e-01  9.00047e-05  3.40588e-05 
  4.21211e-01  -4.14010e-05 3.40002e-05 
  4.22461e-01  6.84341e-05  3.39418e-05 
  4.23712e-01  3.54760e-05  3.38838e-05 
  4.24962e-01  4.16355e-05  3.38259e-05 
  4.26213e-01  1.34940e-04  3.37684e-05 
  4.27464e-01  2.28018e-05  3.37113e-05 
  4.28714e-01  1.03178e-04  3.36545e-05 
  4.29965e-01  3.27170e-06  3.35980e-05 
  4.31216e-01  3.70317e-06  3.35420e-05 
  4.32466e-01  3.45528e-05  3.34864e-05 
  4.33717e-01  8.20268e-05  3.34313e-05 
  4.34967e-01  -1.69614e-05 3.33766e-05 
  4.36218e-01  -1.03031e-06 3.33224e-05 
  4.37469e-01  3.51837e-05  3.32687e-05 
  4.38719e-01  3.35274e-05  3.32155e-05 
  4.39970e-01  4.76013e-05  3.31628e-05 
  4.41221e-01  1.40615e-05  3.31107e-05 
  4.42471e-01  -7.77112e-06 3.30591e-05 
  4.43722e-01  2.07714e-05  3.30081e-05 
  4.44972e-01  4.55570e-05  3.29576e-05 
  4.46223e-01  8.60252e-05  3.29077e-05 
  4.47474e-01  2.28578e-05  3.28583e-05 
  4.48724e-01  9.58673e-06  3.28094e-05 
  4.49975e-01  2.47251e-05  3.27610e-05 
  4.51226e-01  5.40823e-05  3.27132e-05 
  4.52476e-01  -2.07649e-05 3.26658e-05 
  4.53727e-01  3.25163e-05  3.26189e-05 
  4.54977e-01  -2.73979e-05 3.25725e-05 
  4.56228e-01  6.77887e-06  3.25265e-05 
  4.57479e-01  -1.19038e-05 3.24810e-05 
  4.58729e-01  1.73787e-05  3.24358e-05 
  4.59980e-01  8.17347e-05  3.23911e-05 
  4.61231e-01  4.41958e-05  3.23466e-05 
  4.62481e-01  1.38525e-05  3.23026e-05 
  4.63732e-01  -6.17363e-05 3.22588e-05 
  4.64982e-01  1.47193e-05  3.22153e-05 
  4.66233e-01  3.87058e-05  3.21721e-05 
  4.67484e-01  -1.52006e-05 3.21292e-05 
  4.68734e-01  6.96214e-05  3.20864e-05 
  4.69985e-01  6.70644e-05  3.20439e-05 
  4.71236e-01  -4.10345e-05 3.20016e-05 
  4.72486e-01  -4.84029e-05 3.19594e-05 
  4.73737e-01  -7.51586e-06 3.19174e-05 
  4.74987e-01  7.46123e-05  3.18756e-05 
  4.76238e-01  7.47577e-05  3.18339e-05 
  4.77489e-01  5.65376e-05  3.17923e-05 
  4.78739e-01  3.68846e-05  3.17508e-05 
  4.79990e-01  6.29827e-06  3.17094e-05 
  4.81241e-01  -7.25975e-06 3.16681e-05 
  4.82491e-01  4.04864e-05  3.16269e-05 
  4.83742e-01  6.13066e-05  3.15857e-05 
  4.84992e-01  4.03280e-05  3.15446e-05 
  4.86243e-01  -7.11533e-06 3.15035e-05 
  4.87494e-01  2.88639e-05  3.14624e-05 
  4.88744e-01  4.08151e-05  3.14214e-05 
  4.89995e-01  5.73063e-05  3.13803e-05 
  4.91246e-01  4.87673e-05  3.13393e-05 
  4.92496e-01  5.34542e-05  3.12983e-05 
  4.93747e-01  1.17380e-05  3.12572e-05 
  4.94997e-01  4.75666e-05  3.12161e-05 
  4.96248e-01  1.04215e-05  3.11750e-05 
  4.97499e-01  1.86806e-05  3.11339e-05 
  4.98749e-01  3.50812e-05  3.10928e-05 
  5.00000e-01  6.48021e-05  3.10516e-05 
