# r                 p(r)             
  6.26884e-01       1.00340e-05      
  1.88065e+00       6.94471e-05      
  3.13442e+00       1.84661e-04      
  4.38819e+00       3.50905e-04      
  5.64196e+00       5.66264e-04      
  6.89573e+00       8.24915e-04      
  8.14949e+00       1.12515e-03      
  9.40326e+00       1.46126e-03      
  1.06570e+01       1.82943e-03      
  1.19108e+01       2.22800e-03      
  1.31646e+01       2.65159e-03      
  1.44183e+01       3.09835e-03      
  1.56721e+01       3.56403e-03      
  1.69259e+01       4.04612e-03      
  1.81796e+01       4.53715e-03      
  1.94334e+01       5.03760e-03      
  2.06872e+01       5.54541e-03      
  2.19409e+01       6.04851e-03      
  2.31947e+01       6.55637e-03      
  2.44485e+01       7.05807e-03      
  2.57022e+01       7.55032e-03      
  2.69560e+01       8.03016e-03      
  2.82098e+01       8.49470e-03      
  2.94636e+01       8.94319e-03      
  3.07173e+01       9.37945e-03      
  3.19711e+01       9.79019e-03      
  3.32249e+01       1.01740e-02      
  3.44786e+01       1.05378e-02      
  3.57324e+01       1.08700e-02      
  3.69862e+01       1.11715e-02      
  3.82399e+01       1.14436e-02      
  3.94937e+01       1.16783e-02      
  4.07475e+01       1.18860e-02      
  4.20012e+01       1.20543e-02      
  4.32550e+01       1.21892e-02      
  4.45088e+01       1.22860e-02      
  4.57625e+01       1.23407e-02      
  4.70163e+01       1.23648e-02      
  4.82701e+01       1.23460e-02      
  4.95238e+01       1.22874e-02      
  5.07776e+01       1.21983e-02      
  5.20314e+01       1.20621e-02      
  5.32852e+01       1.18968e-02      
  5.45389e+01       1.16958e-02      
  5.57927e+01       1.14512e-02      
  5.70465e+01       1.11816e-02      
  5.83002e+01       1.08744e-02      
  5.95540e+01       1.05411e-02      
  6.08078e+01       1.01708e-02      
  6.20615e+01       9.78539e-03      
  6.33153e+01       9.37727e-03      
  6.45691e+01       8.94156e-03      
  6.58228e+01       8.49928e-03      
  6.70766e+01       8.02983e-03      
  6.83304e+01       7.55712e-03      
  6.95841e+01       7.07320e-03      
  7.08379e+01       6.58480e-03      
  7.20917e+01       6.09149e-03      
  7.33454e+01       5.60961e-03      
  7.45992e+01       5.13173e-03      
  7.58530e+01       4.67168e-03      
  7.71068e+01       4.23942e-03      
  7.83605e+01       3.83396e-03      
  7.96143e+01       3.46812e-03      
  8.08681e+01       3.13869e-03      
  8.21218e+01       2.84080e-03      
  8.33756e+01       2.56678e-03      
  8.46294e+01       2.31709e-03      
  8.58831e+01       2.08278e-03      
  8.71369e+01       1.86679e-03      
  8.83907e+01       1.66703e-03      
  8.96444e+01       1.47945e-03      
  9.08982e+01       1.30842e-03      
  9.21520e+01       1.15197e-03      
  9.34057e+01       1.00604e-03      
  9.46595e+01       8.73651e-04      
  9.59133e+01       7.53344e-04      
  9.71670e+01       6.44903e-04      
  9.84208e+01       5.48693e-04      
  9.96746e+01       4.62952e-04      
  1.00928e+02       3.86017e-04      
  1.02182e+02       3.17748e-04      
  1.03436e+02       2.57380e-04      
  1.04690e+02       2.05531e-04      
  1.05943e+02       1.60606e-04      
  1.07197e+02       1.22427e-04      
  1.08451e+02       8.97998e-05      
  1.09705e+02       6.38174e-05      
  1.10958e+02       4.30524e-05      
  1.12212e+02       2.72964e-05      
  1.13466e+02       1.60132e-05      
  1.14720e+02       8.22160e-06      
  1.15974e+02       3.52771e-06      
  1.17227e+02       1.24352e-06      
  1.18481e+02       2.45789e-07      
  1.19735e+02       9.31328e-09      
  1.20989e+02       0.00000e+00      
  1.22242e+02       0.00000e+00      
  1.23496e+02       0.00000e+00      
  1.24750e+02       0.00000e+00      
