# Theoretical SAS data
# q            I           
  1.00000e-03  9.99133e-01 
  2.25063e-03  9.95619e-01 
  3.50125e-03  9.89437e-01 
  4.75188e-03  9.80646e-01 
  6.00251e-03  9.69330e-01 
  7.25313e-03  9.55596e-01 
  8.50376e-03  9.39573e-01 
  9.75439e-03  9.21411e-01 
  1.10050e-02  9.01278e-01 
  1.22556e-02  8.79358e-01 
  1.35063e-02  8.55849e-01 
  1.47569e-02  8.30959e-01 
  1.60075e-02  8.04906e-01 
  1.72581e-02  7.77912e-01 
  1.85088e-02  7.50203e-01 
  1.97594e-02  7.22005e-01 
  2.10100e-02  6.93539e-01 
  2.22607e-02  6.65025e-01 
  2.35113e-02  6.36671e-01 
  2.47619e-02  6.08676e-01 
  2.60125e-02  5.81228e-01 
  2.72632e-02  5.54499e-01 
  2.85138e-02  5.28645e-01 
  2.97644e-02  5.03805e-01 
  3.10150e-02  4.80100e-01 
  3.22657e-02  4.57630e-01 
  3.35163e-02  4.36478e-01 
  3.47669e-02  4.16704e-01 
  3.60175e-02  3.98349e-01 
  3.72682e-02  3.81434e-01 
  3.85188e-02  3.65963e-01 
  3.97694e-02  3.51918e-01 
  4.10201e-02  3.39268e-01 
  4.22707e-02  3.27964e-01 
  4.35213e-02  3.17944e-01 
  4.47719e-02  3.09131e-01 
  4.60226e-02  3.01441e-01 
  4.72732e-02  2.94779e-01 
  4.85238e-02  2.89042e-01 
  4.97744e-02  2.84125e-01 
  5.10251e-02  2.79916e-01 
  5.22757e-02  2.76304e-01 
  5.35263e-02  2.73179e-01 
  5.47769e-02  2.70433e-01 
  5.60276e-02  2.67959e-01 
  5.72782e-02  2.65658e-01 
  5.85288e-02  2.63436e-01 
  5.97794e-02  2.61209e-01 
  6.10301e-02  2.58897e-01 
  6.22807e-02  2.56433e-01 
  6.35313e-02  2.53757e-01 
  6.47820e-02  2.50822e-01 
  6.60326e-02  2.47587e-01 
  6.72832e-02  2.44024e-01 
  6.85338e-02  2.40115e-01 
  6.97845e-02  2.35849e-01 
  7.10351e-02  2.31226e-01 
  7.22857e-02  2.26254e-01 
  7.35363e-02  2.20948e-01 
  7.47870e-02  2.15330e-01 
  7.60376e-02  2.09428e-01 
  7.72882e-02  2.03275e-01 
  7.85388e-02  1.96907e-01 
  7.97895e-02  1.90363e-01 
  8.10401e-02  1.83687e-01 
  8.22907e-02  1.76919e-01 
  8.35414e-02  1.70104e-01 
  8.47920e-02  1.63283e-01 
  8.60426e-02  1.56497e-01 
  8.72932e-02  1.49784e-01 
  8.85439e-02  1.43181e-01 
  8.97945e-02  1.36720e-01 
  9.10451e-02  1.30431e-01 
  9.22957e-02  1.24339e-01 
  9.35464e-02  1.18464e-01 
  9.47970e-02  1.12824e-01 
  9.60476e-02  1.07433e-01 
  9.72982e-02  1.02297e-01 
  9.85489e-02  9.74231e-02 
  9.97995e-02  9.28109e-02 
  1.01050e-01  8.84580e-02 
  1.02301e-01  8.43588e-02 
  1.03551e-01  8.05047e-02 
  1.04802e-01  7.68848e-02 
  1.06053e-01  7.34861e-02 
  1.07303e-01  7.02941e-02 
  1.08554e-01  6.72931e-02 
  1.09805e-01  6.44669e-02 
  1.11055e-01  6.17985e-02 
  1.12306e-01  5.92714e-02 
  1.13556e-01  5.68693e-02 
  1.14807e-01  5.45763e-02 
  1.16058e-01  5.23779e-02 
  1.17308e-01  5.02603e-02 
  1.18559e-01  4.82114e-02 
  1.19810e-01  4.62202e-02 
  1.21060e-01  4.42775e-02 
  1.22311e-01  4.23754e-02 
  1.23561e-01  4.05079e-02 
  1.24812e-01  3.86703e-02 
  1.26063e-01  3.68595e-02 
  1.27313e-01  3.50737e-02 
  1.28564e-01  3.33124e-02 
  1.29815e-01  3.15762e-02 
  1.31065e-01  2.98667e-02 
  1.32316e-01  2.81863e-02 
  1.33566e-01  2.65381e-02 
  1.34817e-01  2.49254e-02 
  1.36068e-01  2.33523e-02 
  1.37318e-01  2.18225e-02 
  1.38569e-01  2.03401e-02 
  1.39820e-01  1.89089e-02 
  1.41070e-01  1.75325e-02 
  1.42321e-01  1.62142e-02 
  1.43571e-01  1.49567e-02 
  1.44822e-01  1.37624e-02 
  1.46073e-01  1.26330e-02 
  1.47323e-01  1.15698e-02 
  1.48574e-01  1.05734e-02 
  1.49825e-01  9.64386e-03 
  1.51075e-01  8.78065e-03 
  1.52326e-01  7.98277e-03 
  1.53576e-01  7.24872e-03 
  1.54827e-01  6.57658e-03 
  1.56078e-01  5.96405e-03 
  1.57328e-01  5.40853e-03 
  1.58579e-01  4.90717e-03 
  1.59830e-01  4.45693e-03 
  1.61080e-01  4.05468e-03 
  1.62331e-01  3.69719e-03 
  1.63581e-01  3.38127e-03 
  1.64832e-01  3.10375e-03 
  1.66083e-01  2.86155e-03 
  1.67333e-01  2.65172e-03 
  1.68584e-01  2.47148e-03 
  1.69835e-01  2.31820e-03 
  1.71085e-01  2.18946e-03 
  1.72336e-01  2.08303e-03 
  1.73586e-01  1.99690e-03 
  1.74837e-01  1.92924e-03 
  1.76088e-01  1.87840e-03 
  1.77338e-01  1.84293e-03 
  1.78589e-01  1.82152e-03 
  1.79840e-01  1.81301e-03 
  1.81090e-01  1.81634e-03 
  1.82341e-01  1.83058e-03 
  1.83591e-01  1.85486e-03 
  1.84842e-01  1.88837e-03 
  1.86093e-01  1.93034e-03 
  1.87343e-01  1.98002e-03 
  1.88594e-01  2.03670e-03 
  1.89845e-01  2.09964e-03 
  1.91095e-01  2.16810e-03 
  1.92346e-01  2.24135e-03 
  1.93596e-01  2.31861e-03 
  1.94847e-01  2.39911e-03 
  1.96098e-01  2.48208e-03 
  1.97348e-01  2.56671e-03 
  1.98599e-01  2.65222e-03 
  1.99850e-01  2.73784e-03 
  2.01100e-01  2.82279e-03 
  2.02351e-01  2.90634e-03 
  2.03602e-01  2.98780e-03 
  2.04852e-01  3.06650e-03 
  2.06103e-01  3.14185e-03 
  2.07353e-01  3.21329e-03 
  2.08604e-01  3.28035e-03 
  2.09855e-01  3.34262e-03 
  2.11105e-01  3.39977e-03 
  2.12356e-01  3.45152e-03 
  2.13607e-01  3.49767e-03 
  2.14857e-01  3.53812e-03 
  2.16108e-01  3.57279e-03 
  2.17358e-01  3.60168e-03 
  2.18609e-01  3.62485e-03 
  2.19860e-01  3.64239e-03 
  2.21110e-01  3.65444e-03 
  2.22361e-01  3.66118e-03 
  2.23612e-01  3.66278e-03 
  2.24862e-01  3.65946e-03 
  2.26113e-01  3.65142e-03 
  2.27363e-01  3.63887e-03 
  2.28614e-01  3.62202e-03 
  2.29865e-01  3.60105e-03 
  2.31115e-01  3.57614e-03 
  2.32366e-01  3.54745e-03 
  2.33617e-01  3.51511e-03 
  2.34867e-01  3.47924e-03 
  2.36118e-01  3.43993e-03 
  2.37368e-01  3.39727e-03 
  2.38619e-01  3.35131e-03 
  2.39870e-01  3.30210e-03 
  2.41120e-01  3.24969e-03 
  2.42371e-01  3.19411e-03 
  2.43622e-01  3.13540e-03 
  2.44872e-01  3.07362e-03 
  2.46123e-01  3.00880e-03 
  2.47373e-01  2.94104e-03 
  2.48624e-01  2.87041e-03 
  2.49875e-01  2.79704e-03 
  2.51125e-01  2.72106e-03 
  2.52376e-01  2.64262e-03 
  2.53627e-01  2.56194e-03 
  2.54877e-01  2.47922e-03 
  2.56128e-01  2.39471e-03 
  2.57378e-01  2.30869e-03 
  2.58629e-01  2.22144e-03 
  2.59880e-01  2.13328e-03 
  2.61130e-01  2.04454e-03 
  2.62381e-01  1.95556e-03 
  2.63632e-01  1.86668e-03 
  2.64882e-01  1.77825e-03 
  2.66133e-01  1.69061e-03 
  2.67383e-01  1.60411e-03 
  2.68634e-01  1.51905e-03 
  2.69885e-01  1.43576e-03 
  2.71135e-01  1.35451e-03 
  2.72386e-01  1.27556e-03 
  2.73637e-01  1.19915e-03 
  2.74887e-01  1.12548e-03 
  2.76138e-01  1.05472e-03 
  2.77388e-01  9.87010e-04 
  2.78639e-01  9.22462e-04 
  2.79890e-01  8.61154e-04 
  2.81140e-01  8.03131e-04 
  2.82391e-01  7.48414e-04 
  2.83642e-01  6.96997e-04 
  2.84892e-01  6.48848e-04 
  2.86143e-01  6.03919e-04 
  2.87393e-01  5.62141e-04 
  2.88644e-01  5.23432e-04 
  2.89895e-01  4.87698e-04 
  2.91145e-01  4.54840e-04 
  2.92396e-01  4.24750e-04 
  2.93647e-01  3.97321e-04 
  2.94897e-01  3.72443e-04 
  2.96148e-01  3.50012e-04 
  2.97398e-01  3.29924e-04 
  2.98649e-01  3.12081e-04 
  2.99900e-01  2.96392e-04 
  3.01150e-01  2.82771e-04 
  3.02401e-01  2.71139e-04 
  3.03652e-01  2.61423e-04 
  3.04902e-01  2.53553e-04 
  3.06153e-01  2.47466e-04 
  3.07404e-01  2.43102e-04 
  3.08654e-01  2.40402e-04 
  3.09905e-01  2.39309e-04 
  3.11155e-01  2.39763e-04 
  3.12406e-01  2.41707e-04 
  3.13657e-01  2.45076e-04 
  3.14907e-01  2.49804e-04 
  3.16158e-01  2.55818e-04 
  3.17409e-01  2.63042e-04 
  3.18659e-01  2.71392e-04 
  3.19910e-01  2.80779e-04 
  3.21160e-01  2.91106e-04 
  3.22411e-01  3.02274e-04 
  3.23662e-01  3.14175e-04 
  3.24912e-01  3.26699e-04 
  3.26163e-01  3.39732e-04 
  3.27414e-01  3.53156e-04 
  3.28664e-01  3.66856e-04 
  3.29915e-01  3.80714e-04 
  3.31165e-01  3.94613e-04 
  3.32416e-01  4.08443e-04 
  3.33667e-01  4.22093e-04 
  3.34917e-01  4.35461e-04 
  3.36168e-01  4.48450e-04 
  3.37419e-01  4.60971e-04 
  3.38669e-01  4.72943e-04 
  3.39920e-01  4.84293e-04 
  3.41170e-01  4.94958e-04 
  3.42421e-01  5.04884e-04 
  3.43672e-01  5.14024e-04 
  3.44922e-01  5.22344e-04 
  3.46173e-01  5.29816e-04 
  3.47424e-01  5.36419e-04 
  3.48674e-01  5.42143e-04 
  3.49925e-01  5.46982e-04 
  3.51175e-01  5.50936e-04 
  3.52426e-01  5.54010e-04 
  3.53677e-01  5.56214e-04 
  3.54927e-01  5.57562e-04 
  3.56178e-01  5.58067e-04 
  3.57429e-01  5.57746e-04 
  3.58679e-01  5.56619e-04 
  3.59930e-01  5.54702e-04 
  3.61180e-01  5.52013e-04 
  3.62431e-01  5.48572e-04 
  3.63682e-01  5.44394e-04 
  3.64932e-01  5.39497e-04 
  3.66183e-01  5.33897e-04 
  3.67434e-01  5.27609e-04 
  3.68684e-01  5.20648e-04 
  3.69935e-01  5.13031e-04 
  3.71185e-01  5.04773e-04 
  3.72436e-01  4.95891e-04 
  3.73687e-01  4.86404e-04 
  3.74937e-01  4.76330e-04 
  3.76188e-01  4.65693e-04 
  3.77439e-01  4.54518e-04 
  3.78689e-01  4.42831e-04 
  3.79940e-01  4.30664e-04 
  3.81190e-01  4.18052e-04 
  3.82441e-01  4.05031e-04 
  3.83692e-01  3.91643e-04 
  3.84942e-01  3.77932e-04 
  3.86193e-01  3.63947e-04 
  3.87444e-01  3.49737e-04 
  3.88694e-01  3.35356e-04 
  3.89945e-01  3.20859e-04 
  3.91195e-01  3.06304e-04 
  3.92446e-01  2.91748e-04 
  3.93697e-01  2.77250e-04 
  3.94947e-01  2.62869e-04 
  3.96198e-01  2.48664e-04 
  3.97449e-01  2.34690e-04 
  3.98699e-01  2.21005e-04 
  3.99950e-01  2.07660e-04 
  4.01201e-01  1.94707e-04 
  4.02451e-01  1.82193e-04 
  4.03702e-01  1.70162e-04 
  4.04952e-01  1.58653e-04 
  4.06203e-01  1.47704e-04 
  4.07454e-01  1.37347e-04 
  4.08704e-01  1.27608e-04 
  4.09955e-01  1.18513e-04 
  4.11206e-01  1.10079e-04 
  4.12456e-01  1.02324e-04 
  4.13707e-01  9.52570e-05 
  4.14957e-01  8.88865e-05 
  4.16208e-01  8.32160e-05 
  4.17459e-01  7.82460e-05 
  4.18709e-01  7.39737e-05 
  4.19960e-01  7.03933e-05 
  4.21211e-01  6.74965e-05 
  4.22461e-01  6.52723e-05 
  4.23712e-01  6.37079e-05 
  4.24962e-01  6.27882e-05 
  4.26213e-01  6.24965e-05 
  4.27464e-01  6.28143e-05 
  4.28714e-01  6.37219e-05 
  4.29965e-01  6.51983e-05 
  4.31216e-01  6.72214e-05 
  4.32466e-01  6.97679e-05 
  4.33717e-01  7.28139e-05 
  4.34967e-01  7.63345e-05 
  4.36218e-01  8.03042e-05 
  4.37469e-01  8.46969e-05 
  4.38719e-01  8.94859e-05 
  4.39970e-01  9.46442e-05 
  4.41221e-01  1.00144e-04 
  4.42471e-01  1.05958e-04 
  4.43722e-01  1.12058e-04 
  4.44972e-01  1.18417e-04 
  4.46223e-01  1.25005e-04 
  4.47474e-01  1.31796e-04 
  4.48724e-01  1.38761e-04 
  4.49975e-01  1.45874e-04 
  4.51226e-01  1.53106e-04 
  4.52476e-01  1.60433e-04 
  4.53727e-01  1.67827e-04 
  4.54977e-01  1.75263e-04 
  4.56228e-01  1.82716e-04 
  4.57479e-01  1.90162e-04 
  4.58729e-01  1.97578e-04 
  4.59980e-01  2.04940e-04 
  4.61231e-01  2.12227e-04 
  4.62481e-01  2.19416e-04 
  4.63732e-01  2.26486e-04 
  4.64982e-01  2.33418e-04 
  4.66233e-01  2.40190e-04 
  4.67484e-01  2.46784e-04 
  4.68734e-01  2.53179e-04 
  4.69985e-01  2.59357e-04 
  4.71236e-01  2.65299e-04 
  4.72486e-01  2.70987e-04 
  4.73737e-01  2.76402e-04 
  4.74987e-01  2.81527e-04 
  4.76238e-01  2.86344e-04 
  4.77489e-01  2.90836e-04 
  4.78739e-01  2.94985e-04 
  4.79990e-01  2.98777e-04 
  4.81241e-01  3.02194e-04 
  4.82491e-01  3.05224e-04 
  4.83742e-01  3.07852e-04 
  4.84992e-01  3.10065e-04 
  4.86243e-01  3.11854e-04 
  4.87494e-01  3.13209e-04 
  4.88744e-01  3.14122e-04 
  4.89995e-01  3.14589e-04 
  4.91246e-01  3.14605e-04 
  4.92496e-01  3.14171e-04 
  4.93747e-01  3.13288e-04 
  4.94997e-01  3.11959e-04 
  4.96248e-01  3.10192e-04 
  4.97499e-01  3.07997e-04 
  4.98749e-01  3.05384e-04 
  5.00000e-01  3.02370e-04 
