# Simulated SAS data with noise
# sigma generated using Sedlak et al, k=100000, c=0.55, https://doi.org/10.1107/S1600576717003077, and rebinned with 10 per bin)
# q            I            sigma       
  1.00000e-03  1.43427e-01  8.08705e-03 
  2.25063e-03  1.39523e-01  5.38116e-03 
  3.50125e-03  1.51598e-01  4.30098e-03 
  4.75188e-03  1.38685e-01  3.67549e-03 
  6.00251e-03  1.46093e-01  3.25139e-03 
  7.25313e-03  1.40767e-01  2.93687e-03 
  8.50376e-03  1.37860e-01  2.68957e-03 
  9.75439e-03  1.35258e-01  2.48693e-03 
  1.10050e-02  1.29741e-01  2.31573e-03 
  1.22556e-02  1.31415e-01  2.16764e-03 
  1.35063e-02  1.22956e-01  2.03716e-03 
  1.47569e-02  1.19094e-01  1.92049e-03 
  1.60075e-02  1.20439e-01  1.81492e-03 
  1.72581e-02  1.14395e-01  1.71848e-03 
  1.85088e-02  1.06902e-01  1.62971e-03 
  1.97594e-02  1.05542e-01  1.54749e-03 
  2.10100e-02  1.01070e-01  1.47098e-03 
  2.22607e-02  9.64965e-02  1.39951e-03 
  2.35113e-02  9.26070e-02  1.33258e-03 
  2.47619e-02  9.08815e-02  1.26977e-03 
  2.60125e-02  8.56590e-02  1.21076e-03 
  2.72632e-02  8.08505e-02  1.15531e-03 
  2.85138e-02  7.82233e-02  1.10319e-03 
  2.97644e-02  7.35556e-02  1.05425e-03 
  3.10150e-02  6.90770e-02  1.00834e-03 
  3.22657e-02  6.78995e-02  9.65352e-04 
  3.35163e-02  6.36105e-02  9.25177e-04 
  3.47669e-02  5.99672e-02  8.87723e-04 
  3.60175e-02  5.78023e-02  8.52899e-04 
  3.72682e-02  5.49818e-02  8.20617e-04 
  3.85188e-02  5.35675e-02  7.90785e-04 
  3.97694e-02  5.25085e-02  7.63304e-04 
  4.10201e-02  4.99878e-02  7.38071e-04 
  4.22707e-02  4.91566e-02  7.14971e-04 
  4.35213e-02  4.65973e-02  6.93881e-04 
  4.47719e-02  4.45606e-02  6.74670e-04 
  4.60226e-02  4.29214e-02  6.57197e-04 
  4.72732e-02  4.36083e-02  6.41316e-04 
  4.85238e-02  4.23147e-02  6.26874e-04 
  4.97744e-02  4.17970e-02  6.13719e-04 
  5.10251e-02  4.05081e-02  6.01695e-04 
  5.22757e-02  4.02653e-02  5.90651e-04 
  5.35263e-02  3.90031e-02  5.80438e-04 
  5.47769e-02  3.95145e-02  5.70915e-04 
  5.60276e-02  3.98999e-02  5.61950e-04 
  5.72782e-02  3.97119e-02  5.53418e-04 
  5.85288e-02  3.86976e-02  5.45207e-04 
  5.97794e-02  3.92763e-02  5.37216e-04 
  6.10301e-02  3.75769e-02  5.29354e-04 
  6.22807e-02  3.80320e-02  5.21543e-04 
  6.35313e-02  3.77194e-02  5.13717e-04 
  6.47820e-02  3.76962e-02  5.05819e-04 
  6.60326e-02  3.56892e-02  4.97806e-04 
  6.72832e-02  3.65543e-02  4.89643e-04 
  6.85338e-02  3.49387e-02  4.81304e-04 
  6.97845e-02  3.39530e-02  4.72772e-04 
  7.10351e-02  3.42013e-02  4.64039e-04 
  7.22857e-02  3.30832e-02  4.55103e-04 
  7.35363e-02  3.26479e-02  4.45969e-04 
  7.47870e-02  3.09063e-02  4.36647e-04 
  7.60376e-02  3.10048e-02  4.27154e-04 
  7.72882e-02  2.97521e-02  4.17508e-04 
  7.85388e-02  2.87884e-02  4.07734e-04 
  7.97895e-02  2.78509e-02  3.97857e-04 
  8.10401e-02  2.69904e-02  3.87907e-04 
  8.22907e-02  2.61581e-02  3.77914e-04 
  8.35414e-02  2.45402e-02  3.67911e-04 
  8.47920e-02  2.44488e-02  3.57929e-04 
  8.60426e-02  2.29670e-02  3.48001e-04 
  8.72932e-02  2.17154e-02  3.38160e-04 
  8.85439e-02  2.11803e-02  3.28438e-04 
  8.97945e-02  2.00283e-02  3.18864e-04 
  9.10451e-02  1.89354e-02  3.09468e-04 
  9.22957e-02  1.80474e-02  3.00276e-04 
  9.35464e-02  1.76483e-02  2.91312e-04 
  9.47970e-02  1.61824e-02  2.82598e-04 
  9.60476e-02  1.58565e-02  2.74152e-04 
  9.72982e-02  1.51890e-02  2.65987e-04 
  9.85489e-02  1.47607e-02  2.58117e-04 
  9.97995e-02  1.37870e-02  2.50547e-04 
  1.01050e-01  1.25003e-02  2.43283e-04 
  1.02301e-01  1.29340e-02  2.36323e-04 
  1.03551e-01  1.18375e-02  2.29664e-04 
  1.04802e-01  1.12468e-02  2.23299e-04 
  1.06053e-01  1.06008e-02  2.17217e-04 
  1.07303e-01  9.79597e-03  2.11406e-04 
  1.08554e-01  1.01584e-02  2.05849e-04 
  1.09805e-01  9.29344e-03  2.00529e-04 
  1.11055e-01  9.08491e-03  1.95426e-04 
  1.12306e-01  8.55072e-03  1.90519e-04 
  1.13556e-01  8.50114e-03  1.85789e-04 
  1.14807e-01  7.80308e-03  1.81214e-04 
  1.16058e-01  7.63543e-03  1.76773e-04 
  1.17308e-01  7.33148e-03  1.72446e-04 
  1.18559e-01  6.80893e-03  1.68215e-04 
  1.19810e-01  6.77125e-03  1.64063e-04 
  1.21060e-01  6.23795e-03  1.59973e-04 
  1.22311e-01  6.07338e-03  1.55933e-04 
  1.23561e-01  5.94062e-03  1.51931e-04 
  1.24812e-01  5.75571e-03  1.47956e-04 
  1.26063e-01  5.41032e-03  1.44002e-04 
  1.27313e-01  5.08986e-03  1.40063e-04 
  1.28564e-01  4.88339e-03  1.36136e-04 
  1.29815e-01  4.44065e-03  1.32218e-04 
  1.31065e-01  4.34230e-03  1.28312e-04 
  1.32316e-01  4.05737e-03  1.24417e-04 
  1.33566e-01  3.78373e-03  1.20538e-04 
  1.34817e-01  3.65907e-03  1.16680e-04 
  1.36068e-01  3.30836e-03  1.12848e-04 
  1.37318e-01  3.20133e-03  1.09050e-04 
  1.38569e-01  3.05020e-03  1.05293e-04 
  1.39820e-01  2.82272e-03  1.01585e-04 
  1.41070e-01  2.63379e-03  9.79357e-05 
  1.42321e-01  2.37430e-03  9.43542e-05 
  1.43571e-01  2.15674e-03  9.08498e-05 
  1.44822e-01  1.96856e-03  8.74319e-05 
  1.46073e-01  1.86232e-03  8.41096e-05 
  1.47323e-01  1.67327e-03  8.08918e-05 
  1.48574e-01  1.53292e-03  7.77870e-05 
  1.49825e-01  1.44524e-03  7.48031e-05 
  1.51075e-01  1.31632e-03  7.19470e-05 
  1.52326e-01  1.26233e-03  6.92250e-05 
  1.53576e-01  1.08337e-03  6.66424e-05 
  1.54827e-01  9.17773e-04  6.42034e-05 
  1.56078e-01  8.48470e-04  6.19111e-05 
  1.57328e-01  7.02656e-04  5.97673e-05 
  1.58579e-01  6.70659e-04  5.77726e-05 
  1.59830e-01  5.84924e-04  5.59263e-05 
  1.61080e-01  7.71453e-04  5.42267e-05 
  1.62331e-01  5.12282e-04  5.26706e-05 
  1.63581e-01  4.89340e-04  5.12539e-05 
  1.64832e-01  5.48186e-04  4.99718e-05 
  1.66083e-01  4.38115e-04  4.88183e-05 
  1.67333e-01  4.60578e-04  4.77870e-05 
  1.68584e-01  2.97966e-04  4.68710e-05 
  1.69835e-01  3.04260e-04  4.60633e-05 
  1.71085e-01  3.42480e-04  4.53566e-05 
  1.72336e-01  2.81357e-04  4.47437e-05 
  1.73586e-01  2.82500e-04  4.42176e-05 
  1.74837e-01  2.65678e-04  4.37717e-05 
  1.76088e-01  2.86210e-04  4.33995e-05 
  1.77338e-01  2.49854e-04  4.30950e-05 
  1.78589e-01  2.77267e-04  4.28527e-05 
  1.79840e-01  2.41080e-04  4.26673e-05 
  1.81090e-01  3.42523e-04  4.25338e-05 
  1.82341e-01  3.29222e-04  4.24478e-05 
  1.83591e-01  3.09149e-04  4.24048e-05 
  1.84842e-01  3.34826e-04  4.24008e-05 
  1.86093e-01  3.06466e-04  4.24318e-05 
  1.87343e-01  2.46659e-04  4.24941e-05 
  1.88594e-01  2.95471e-04  4.25838e-05 
  1.89845e-01  3.63830e-04  4.26974e-05 
  1.91095e-01  2.76369e-04  4.28312e-05 
  1.92346e-01  3.36946e-04  4.29817e-05 
  1.93596e-01  3.44360e-04  4.31455e-05 
  1.94847e-01  3.28770e-04  4.33191e-05 
  1.96098e-01  3.62583e-04  4.34992e-05 
  1.97348e-01  3.65590e-04  4.36826e-05 
  1.98599e-01  4.09008e-04  4.38663e-05 
  1.99850e-01  4.10017e-04  4.40473e-05 
  2.01100e-01  4.26567e-04  4.42228e-05 
  2.02351e-01  4.48089e-04  4.43905e-05 
  2.03602e-01  5.44467e-04  4.45479e-05 
  2.04852e-01  5.47126e-04  4.46930e-05 
  2.06103e-01  4.06923e-04  4.48241e-05 
  2.07353e-01  4.00392e-04  4.49395e-05 
  2.08604e-01  4.96811e-04  4.50381e-05 
  2.09855e-01  5.17842e-04  4.51187e-05 
  2.11105e-01  4.76714e-04  4.51808e-05 
  2.12356e-01  5.02256e-04  4.52237e-05 
  2.13607e-01  5.25051e-04  4.52472e-05 
  2.14857e-01  5.27277e-04  4.52512e-05 
  2.16108e-01  5.44689e-04  4.52359e-05 
  2.17358e-01  5.04928e-04  4.52016e-05 
  2.18609e-01  5.89940e-04  4.51488e-05 
  2.19860e-01  5.44659e-04  4.50780e-05 
  2.21110e-01  5.59717e-04  4.49899e-05 
  2.22361e-01  5.64094e-04  4.48852e-05 
  2.23612e-01  5.33403e-04  4.47647e-05 
  2.24862e-01  6.26554e-04  4.46293e-05 
  2.26113e-01  5.67209e-04  4.44796e-05 
  2.27363e-01  5.18637e-04  4.43165e-05 
  2.28614e-01  4.93988e-04  4.41407e-05 
  2.29865e-01  5.76859e-04  4.39528e-05 
  2.31115e-01  5.08176e-04  4.37534e-05 
  2.32366e-01  5.32738e-04  4.35431e-05 
  2.33617e-01  5.73305e-04  4.33223e-05 
  2.34867e-01  4.69289e-04  4.30913e-05 
  2.36118e-01  4.78802e-04  4.28505e-05 
  2.37368e-01  5.03635e-04  4.26000e-05 
  2.38619e-01  5.24700e-04  4.23401e-05 
  2.39870e-01  5.61496e-04  4.20708e-05 
  2.41120e-01  4.72508e-04  4.17922e-05 
  2.42371e-01  4.53824e-04  4.15044e-05 
  2.43622e-01  4.00242e-04  4.12074e-05 
  2.44872e-01  5.29770e-04  4.09012e-05 
  2.46123e-01  4.06353e-04  4.05861e-05 
  2.47373e-01  4.69309e-04  4.02620e-05 
  2.48624e-01  4.09613e-04  3.99292e-05 
  2.49875e-01  3.74724e-04  3.95879e-05 
  2.51125e-01  4.12395e-04  3.92384e-05 
  2.52376e-01  3.11798e-04  3.88812e-05 
  2.53627e-01  4.01646e-04  3.85167e-05 
  2.54877e-01  4.19263e-04  3.81455e-05 
  2.56128e-01  3.28980e-04  3.77683e-05 
  2.57378e-01  2.93316e-04  3.73859e-05 
  2.58629e-01  3.04254e-04  3.69991e-05 
  2.59880e-01  2.95949e-04  3.66089e-05 
  2.61130e-01  2.91659e-04  3.62163e-05 
  2.62381e-01  3.42114e-04  3.58224e-05 
  2.63632e-01  3.29713e-04  3.54282e-05 
  2.64882e-01  2.75959e-04  3.50350e-05 
  2.66133e-01  2.74586e-04  3.46438e-05 
  2.67383e-01  1.92684e-04  3.42560e-05 
  2.68634e-01  1.38099e-04  3.38726e-05 
  2.69885e-01  1.98682e-04  3.34947e-05 
  2.71135e-01  1.47666e-04  3.31235e-05 
  2.72386e-01  2.04598e-04  3.27600e-05 
  2.73637e-01  2.01831e-04  3.24052e-05 
  2.74887e-01  1.89127e-04  3.20598e-05 
  2.76138e-01  1.75365e-04  3.17247e-05 
  2.77388e-01  1.56145e-04  3.14005e-05 
  2.78639e-01  1.86055e-04  3.10878e-05 
  2.79890e-01  9.70114e-05  3.07870e-05 
  2.81140e-01  1.36753e-04  3.04985e-05 
  2.82391e-01  1.34418e-04  3.02224e-05 
  2.83642e-01  6.42557e-05  2.99590e-05 
  2.84892e-01  7.60691e-05  2.97081e-05 
  2.86143e-01  9.62884e-05  2.94698e-05 
  2.87393e-01  6.78374e-05  2.92439e-05 
  2.88644e-01  3.96725e-05  2.90302e-05 
  2.89895e-01  3.73880e-05  2.88283e-05 
  2.91145e-01  6.09248e-05  2.86381e-05 
  2.92396e-01  4.51500e-05  2.84590e-05 
  2.93647e-01  4.16047e-05  2.82909e-05 
  2.94897e-01  5.98074e-05  2.81332e-05 
  2.96148e-01  2.64970e-05  2.79855e-05 
  2.97398e-01  4.81853e-05  2.78476e-05 
  2.98649e-01  7.59931e-05  2.77190e-05 
  2.99900e-01  1.08354e-04  2.75994e-05 
  3.01150e-01  4.52022e-05  2.74884e-05 
  3.02401e-01  7.40087e-05  2.73857e-05 
  3.03652e-01  -3.67927e-05 2.72910e-05 
  3.04902e-01  4.58190e-05  2.72041e-05 
  3.06153e-01  4.49254e-05  2.71245e-05 
  3.07404e-01  7.60369e-05  2.70522e-05 
  3.08654e-01  9.02179e-06  2.69868e-05 
  3.09905e-01  -6.31898e-06 2.69280e-05 
  3.11155e-01  2.03523e-05  2.68756e-05 
  3.12406e-01  3.91369e-05  2.68293e-05 
  3.13657e-01  -2.17676e-05 2.67888e-05 
  3.14907e-01  6.37839e-05  2.67539e-05 
  3.16158e-01  6.83199e-05  2.67242e-05 
  3.17409e-01  5.86740e-05  2.66993e-05 
  3.18659e-01  3.14141e-05  2.66789e-05 
  3.19910e-01  2.88931e-05  2.66626e-05 
  3.21160e-01  3.18278e-05  2.66501e-05 
  3.22411e-01  4.49043e-05  2.66408e-05 
  3.23662e-01  7.37527e-05  2.66343e-05 
  3.24912e-01  4.71932e-05  2.66303e-05 
  3.26163e-01  3.68093e-05  2.66282e-05 
  3.27414e-01  5.63608e-05  2.66276e-05 
  3.28664e-01  4.97078e-05  2.66280e-05 
  3.29915e-01  6.67405e-05  2.66290e-05 
  3.31165e-01  5.37634e-05  2.66301e-05 
  3.32416e-01  5.96488e-05  2.66310e-05 
  3.33667e-01  2.68182e-05  2.66312e-05 
  3.34917e-01  1.92943e-05  2.66304e-05 
  3.36168e-01  3.11873e-05  2.66282e-05 
  3.37419e-01  4.63005e-05  2.66243e-05 
  3.38669e-01  9.23092e-05  2.66184e-05 
  3.39920e-01  3.09693e-05  2.66104e-05 
  3.41170e-01  8.31293e-05  2.65999e-05 
  3.42421e-01  8.70360e-05  2.65869e-05 
  3.43672e-01  6.95680e-05  2.65712e-05 
  3.44922e-01  7.34053e-05  2.65526e-05 
  3.46173e-01  8.66585e-05  2.65311e-05 
  3.47424e-01  5.03815e-05  2.65068e-05 
  3.48674e-01  7.96160e-05  2.64794e-05 
  3.49925e-01  4.42210e-05  2.64491e-05 
  3.51175e-01  7.01364e-05  2.64159e-05 
  3.52426e-01  3.67433e-05  2.63798e-05 
  3.53677e-01  4.95611e-05  2.63408e-05 
  3.54927e-01  8.89178e-05  2.62991e-05 
  3.56178e-01  9.07628e-05  2.62546e-05 
  3.57429e-01  6.89455e-05  2.62075e-05 
  3.58679e-01  1.05991e-04  2.61579e-05 
  3.59930e-01  1.00782e-04  2.61057e-05 
  3.61180e-01  3.43650e-05  2.60512e-05 
  3.62431e-01  4.83905e-05  2.59943e-05 
  3.63682e-01  4.07745e-05  2.59351e-05 
  3.64932e-01  9.67267e-05  2.58737e-05 
  3.66183e-01  9.52946e-05  2.58102e-05 
  3.67434e-01  1.26099e-04  2.57445e-05 
  3.68684e-01  1.01702e-04  2.56768e-05 
  3.69935e-01  6.08319e-05  2.56072e-05 
  3.71185e-01  9.69567e-05  2.55356e-05 
  3.72436e-01  2.76193e-05  2.54622e-05 
  3.73687e-01  1.02336e-04  2.53869e-05 
  3.74937e-01  7.45790e-05  2.53099e-05 
  3.76188e-01  4.97386e-05  2.52313e-05 
  3.77439e-01  1.22850e-04  2.51511e-05 
  3.78689e-01  5.97641e-05  2.50694e-05 
  3.79940e-01  8.22400e-05  2.49863e-05 
  3.81190e-01  8.36404e-05  2.49020e-05 
  3.82441e-01  5.21763e-05  2.48165e-05 
  3.83692e-01  6.92241e-05  2.47300e-05 
  3.84942e-01  6.63894e-05  2.46427e-05 
  3.86193e-01  7.39211e-05  2.45547e-05 
  3.87444e-01  4.38176e-05  2.44662e-05 
  3.88694e-01  4.27826e-05  2.43774e-05 
  3.89945e-01  2.00392e-05  2.42884e-05 
  3.91195e-01  4.74506e-05  2.41994e-05 
  3.92446e-01  4.18998e-05  2.41107e-05 
  3.93697e-01  4.92805e-05  2.40224e-05 
  3.94947e-01  1.14167e-05  2.39347e-05 
  3.96198e-01  2.21737e-05  2.38479e-05 
  3.97449e-01  5.04364e-05  2.37622e-05 
  3.98699e-01  7.29424e-05  2.36776e-05 
  3.99950e-01  1.82261e-05  2.35945e-05 
  4.01201e-01  4.54835e-05  2.35129e-05 
  4.02451e-01  3.48834e-05  2.34331e-05 
  4.03702e-01  6.21080e-05  2.33552e-05 
  4.04952e-01  8.05195e-06  2.32793e-05 
  4.06203e-01  -1.33646e-05 2.32056e-05 
  4.07454e-01  3.44128e-05  2.31341e-05 
  4.08704e-01  1.34762e-05  2.30650e-05 
  4.09955e-01  2.10271e-05  2.29984e-05 
  4.11206e-01  2.37548e-05  2.29342e-05 
  4.12456e-01  -2.92570e-05 2.28726e-05 
  4.13707e-01  2.97248e-05  2.28136e-05 
  4.14957e-01  6.59547e-06  2.27572e-05 
  4.16208e-01  1.99294e-05  2.27034e-05 
  4.17459e-01  -1.66102e-05 2.26522e-05 
  4.18709e-01  4.83141e-05  2.26037e-05 
  4.19960e-01  -1.76591e-05 2.25576e-05 
  4.21211e-01  -1.10753e-05 2.25142e-05 
  4.22461e-01  1.01153e-05  2.24732e-05 
  4.23712e-01  1.73666e-05  2.24346e-05 
  4.24962e-01  -1.64794e-06 2.23984e-05 
  4.26213e-01  2.25997e-05  2.23645e-05 
  4.27464e-01  -4.77251e-06 2.23329e-05 
  4.28714e-01  2.47722e-05  2.23034e-05 
  4.29965e-01  -7.17121e-06 2.22760e-05 
  4.31216e-01  2.17264e-05  2.22505e-05 
  4.32466e-01  1.34044e-05  2.22270e-05 
  4.33717e-01  5.68312e-05  2.22052e-05 
  4.34967e-01  1.23503e-05  2.21852e-05 
  4.36218e-01  -2.89765e-06 2.21667e-05 
  4.37469e-01  1.73578e-05  2.21498e-05 
  4.38719e-01  1.42716e-05  2.21343e-05 
  4.39970e-01  5.31160e-06  2.21202e-05 
  4.41221e-01  2.00724e-05  2.21072e-05 
  4.42471e-01  3.10612e-05  2.20953e-05 
  4.43722e-01  3.53088e-08  2.20845e-05 
  4.44972e-01  -4.03789e-07 2.20746e-05 
  4.46223e-01  1.01375e-05  2.20654e-05 
  4.47474e-01  4.18722e-05  2.20570e-05 
  4.48724e-01  1.28260e-05  2.20493e-05 
  4.49975e-01  1.55647e-05  2.20420e-05 
  4.51226e-01  1.99692e-05  2.20352e-05 
  4.52476e-01  2.95139e-05  2.20287e-05 
  4.53727e-01  2.86346e-05  2.20225e-05 
  4.54977e-01  3.74292e-05  2.20164e-05 
  4.56228e-01  -8.81817e-07 2.20105e-05 
  4.57479e-01  9.31837e-06  2.20045e-05 
  4.58729e-01  2.23152e-05  2.19985e-05 
  4.59980e-01  1.87085e-05  2.19923e-05 
  4.61231e-01  2.43004e-05  2.19859e-05 
  4.62481e-01  2.21334e-05  2.19792e-05 
  4.63732e-01  2.43524e-05  2.19722e-05 
  4.64982e-01  1.68309e-05  2.19648e-05 
  4.66233e-01  1.12068e-05  2.19569e-05 
  4.67484e-01  5.77028e-05  2.19485e-05 
  4.68734e-01  3.18807e-05  2.19395e-05 
  4.69985e-01  2.83074e-05  2.19299e-05 
  4.71236e-01  3.34008e-05  2.19195e-05 
  4.72486e-01  2.74078e-05  2.19084e-05 
  4.73737e-01  4.71712e-05  2.18965e-05 
  4.74987e-01  7.37151e-05  2.18838e-05 
  4.76238e-01  3.65536e-05  2.18701e-05 
  4.77489e-01  3.10726e-05  2.18555e-05 
  4.78739e-01  6.72390e-05  2.18399e-05 
  4.79990e-01  8.36272e-05  2.18232e-05 
  4.81241e-01  3.96288e-05  2.18055e-05 
  4.82491e-01  3.65333e-05  2.17866e-05 
  4.83742e-01  3.56844e-05  2.17666e-05 
  4.84992e-01  3.78403e-05  2.17453e-05 
  4.86243e-01  5.02402e-05  2.17229e-05 
  4.87494e-01  9.84035e-05  2.16992e-05 
  4.88744e-01  2.04243e-05  2.16742e-05 
  4.89995e-01  6.65126e-05  2.16480e-05 
  4.91246e-01  6.98301e-05  2.16204e-05 
  4.92496e-01  6.33414e-05  2.15916e-05 
  4.93747e-01  -3.38687e-05 2.15616e-05 
  4.94997e-01  2.89503e-05  2.15303e-05 
  4.96248e-01  4.82596e-05  2.14977e-05 
  4.97499e-01  4.30389e-05  2.14640e-05 
  4.98749e-01  5.69739e-05  2.14291e-05 
  5.00000e-01  1.85908e-07  2.13931e-05 
