# r                 p(r)             
  5.24555e-01       4.46261e-06      
  1.57366e+00       3.02165e-05      
  2.62277e+00       8.36927e-05      
  3.67188e+00       1.60263e-04      
  4.72099e+00       2.58200e-04      
  5.77010e+00       3.81290e-04      
  6.81921e+00       5.26588e-04      
  7.86832e+00       6.83516e-04      
  8.91743e+00       8.69503e-04      
  9.96654e+00       1.06320e-03      
  1.10156e+01       1.28260e-03      
  1.20648e+01       1.51171e-03      
  1.31139e+01       1.73639e-03      
  1.41630e+01       1.99963e-03      
  1.52121e+01       2.25363e-03      
  1.62612e+01       2.52382e-03      
  1.73103e+01       2.80323e-03      
  1.83594e+01       3.09128e-03      
  1.94085e+01       3.38000e-03      
  2.04576e+01       3.66487e-03      
  2.15067e+01       3.95822e-03      
  2.25558e+01       4.26674e-03      
  2.36050e+01       4.55274e-03      
  2.46541e+01       4.88028e-03      
  2.57032e+01       5.16278e-03      
  2.67523e+01       5.46027e-03      
  2.78014e+01       5.75460e-03      
  2.88505e+01       6.05913e-03      
  2.98996e+01       6.32466e-03      
  3.09487e+01       6.63363e-03      
  3.19978e+01       6.89556e-03      
  3.30469e+01       7.17945e-03      
  3.40960e+01       7.41037e-03      
  3.51452e+01       7.68474e-03      
  3.61943e+01       7.90321e-03      
  3.72434e+01       8.14174e-03      
  3.82925e+01       8.38884e-03      
  3.93416e+01       8.55045e-03      
  4.03907e+01       8.76278e-03      
  4.14398e+01       8.93929e-03      
  4.24889e+01       9.10032e-03      
  4.35380e+01       9.26319e-03      
  4.45871e+01       9.39589e-03      
  4.56362e+01       9.51196e-03      
  4.66854e+01       9.61350e-03      
  4.77345e+01       9.71883e-03      
  4.87836e+01       9.76065e-03      
  4.98327e+01       9.81850e-03      
  5.08818e+01       9.85382e-03      
  5.19309e+01       9.86701e-03      
  5.29800e+01       9.87776e-03      
  5.40291e+01       9.87196e-03      
  5.50782e+01       9.81300e-03      
  5.61273e+01       9.77865e-03      
  5.71765e+01       9.70828e-03      
  5.82256e+01       9.61071e-03      
  5.92747e+01       9.48763e-03      
  6.03238e+01       9.40639e-03      
  6.13729e+01       9.24479e-03      
  6.24220e+01       9.10125e-03      
  6.34711e+01       8.89498e-03      
  6.45202e+01       8.71674e-03      
  6.55693e+01       8.52794e-03      
  6.66184e+01       8.30841e-03      
  6.76675e+01       8.09095e-03      
  6.87167e+01       7.84046e-03      
  6.97658e+01       7.55999e-03      
  7.08149e+01       7.30561e-03      
  7.18640e+01       7.03127e-03      
  7.29131e+01       6.72861e-03      
  7.39622e+01       6.42476e-03      
  7.50113e+01       6.09935e-03      
  7.60604e+01       5.81553e-03      
  7.71095e+01       5.48006e-03      
  7.81586e+01       5.13830e-03      
  7.92077e+01       4.79970e-03      
  8.02569e+01       4.44473e-03      
  8.13060e+01       4.10846e-03      
  8.23551e+01       3.76919e-03      
  8.34042e+01       3.42060e-03      
  8.44533e+01       3.08031e-03      
  8.55024e+01       2.75316e-03      
  8.65515e+01       2.43653e-03      
  8.76006e+01       2.11613e-03      
  8.86497e+01       1.82025e-03      
  8.96988e+01       1.54403e-03      
  9.07479e+01       1.28026e-03      
  9.17971e+01       1.02560e-03      
  9.28462e+01       8.07207e-04      
  9.38953e+01       5.99733e-04      
  9.49444e+01       4.20853e-04      
  9.59935e+01       2.77869e-04      
  9.70426e+01       1.58866e-04      
  9.80917e+01       7.41064e-05      
  9.91408e+01       1.62728e-05      
  1.00190e+02       2.40410e-07      
  1.01239e+02       0.00000e+00      
  1.02288e+02       0.00000e+00      
  1.03337e+02       0.00000e+00      
  1.04386e+02       0.00000e+00      
