# r                 p(r)             
  2.62219e+00       4.78790e-06      
  7.86656e+00       3.06619e-05      
  1.31109e+01       8.27646e-05      
  1.83553e+01       1.64481e-04      
  2.35997e+01       2.61980e-04      
  2.88441e+01       3.83854e-04      
  3.40884e+01       5.28281e-04      
  3.93328e+01       6.91215e-04      
  4.45772e+01       8.69189e-04      
  4.98215e+01       1.06620e-03      
  5.50659e+01       1.28485e-03      
  6.03103e+01       1.50719e-03      
  6.55547e+01       1.74399e-03      
  7.07990e+01       2.01367e-03      
  7.60434e+01       2.27659e-03      
  8.12878e+01       2.53665e-03      
  8.65322e+01       2.82570e-03      
  9.17765e+01       3.10117e-03      
  9.70209e+01       3.39825e-03      
  1.02265e+02       3.69199e-03      
  1.07510e+02       4.00502e-03      
  1.12754e+02       4.29296e-03      
  1.17998e+02       4.61263e-03      
  1.23243e+02       4.92296e-03      
  1.28487e+02       5.23827e-03      
  1.33732e+02       5.52077e-03      
  1.38976e+02       5.81878e-03      
  1.44220e+02       6.14855e-03      
  1.49465e+02       6.42631e-03      
  1.54709e+02       6.71592e-03      
  1.59953e+02       6.98303e-03      
  1.65198e+02       7.25639e-03      
  1.70442e+02       7.50017e-03      
  1.75686e+02       7.76148e-03      
  1.80931e+02       8.00790e-03      
  1.86175e+02       8.22953e-03      
  1.91420e+02       8.41869e-03      
  1.96664e+02       8.64074e-03      
  2.01908e+02       8.85160e-03      
  2.07153e+02       9.00083e-03      
  2.12397e+02       9.15816e-03      
  2.17641e+02       9.31687e-03      
  2.22886e+02       9.43676e-03      
  2.28130e+02       9.55299e-03      
  2.33375e+02       9.68336e-03      
  2.38619e+02       9.75081e-03      
  2.43863e+02       9.81742e-03      
  2.49108e+02       9.87495e-03      
  2.54352e+02       9.88595e-03      
  2.59596e+02       9.90978e-03      
  2.64841e+02       9.92472e-03      
  2.70085e+02       9.88114e-03      
  2.75330e+02       9.83483e-03      
  2.80574e+02       9.78780e-03      
  2.85818e+02       9.70253e-03      
  2.91063e+02       9.61530e-03      
  2.96307e+02       9.49108e-03      
  3.01551e+02       9.37738e-03      
  3.06796e+02       9.22494e-03      
  3.12040e+02       9.04634e-03      
  3.17285e+02       8.88871e-03      
  3.22529e+02       8.68127e-03      
  3.27773e+02       8.44418e-03      
  3.33018e+02       8.22215e-03      
  3.38262e+02       7.98222e-03      
  3.43506e+02       7.73991e-03      
  3.48751e+02       7.47336e-03      
  3.53995e+02       7.18241e-03      
  3.59240e+02       6.92769e-03      
  3.64484e+02       6.62057e-03      
  3.69728e+02       6.30671e-03      
  3.74973e+02       6.00770e-03      
  3.80217e+02       5.68543e-03      
  3.85461e+02       5.36954e-03      
  3.90706e+02       5.04869e-03      
  3.95950e+02       4.70792e-03      
  4.01195e+02       4.37174e-03      
  4.06439e+02       4.03647e-03      
  4.11683e+02       3.68915e-03      
  4.16928e+02       3.35728e-03      
  4.22172e+02       3.03609e-03      
  4.27416e+02       2.71108e-03      
  4.32661e+02       2.38939e-03      
  4.37905e+02       2.09265e-03      
  4.43150e+02       1.79724e-03      
  4.48394e+02       1.50949e-03      
  4.53638e+02       1.25304e-03      
  4.58883e+02       1.00965e-03      
  4.64127e+02       7.93115e-04      
  4.69371e+02       5.86397e-04      
  4.74616e+02       4.19385e-04      
  4.79860e+02       2.72652e-04      
  4.85105e+02       1.53938e-04      
  4.90349e+02       6.58215e-05      
  4.95593e+02       1.41058e-05      
  5.00838e+02       2.57934e-07      
  5.06082e+02       0.00000e+00      
  5.11326e+02       0.00000e+00      
  5.16571e+02       0.00000e+00      
  5.21815e+02       0.00000e+00      
