# Theoretical SAS data
# q            I           
  1.00000e-03  6.72883e-01 
  2.25063e-03  6.72574e-01 
  3.50125e-03  6.72020e-01 
  4.75188e-03  6.71207e-01 
  6.00251e-03  6.70116e-01 
  7.25313e-03  6.68725e-01 
  8.50376e-03  6.67003e-01 
  9.75439e-03  6.64914e-01 
  1.10050e-02  6.62419e-01 
  1.22556e-02  6.59472e-01 
  1.35063e-02  6.56023e-01 
  1.47569e-02  6.52017e-01 
  1.60075e-02  6.47395e-01 
  1.72581e-02  6.42098e-01 
  1.85088e-02  6.36061e-01 
  1.97594e-02  6.29221e-01 
  2.10100e-02  6.21515e-01 
  2.22607e-02  6.12882e-01 
  2.35113e-02  6.03268e-01 
  2.47619e-02  5.92621e-01 
  2.60125e-02  5.80903e-01 
  2.72632e-02  5.68083e-01 
  2.85138e-02  5.54146e-01 
  2.97644e-02  5.39091e-01 
  3.10150e-02  5.22937e-01 
  3.22657e-02  5.05720e-01 
  3.35163e-02  4.87498e-01 
  3.47669e-02  4.68346e-01 
  3.60175e-02  4.48363e-01 
  3.72682e-02  4.27663e-01 
  3.85188e-02  4.06377e-01 
  3.97694e-02  3.84650e-01 
  4.10201e-02  3.62634e-01 
  4.22707e-02  3.40489e-01 
  4.35213e-02  3.18375e-01 
  4.47719e-02  2.96450e-01 
  4.60226e-02  2.74865e-01 
  4.72732e-02  2.53760e-01 
  4.85238e-02  2.33262e-01 
  4.97744e-02  2.13483e-01 
  5.10251e-02  1.94519e-01 
  5.22757e-02  1.76446e-01 
  5.35263e-02  1.59325e-01 
  5.47769e-02  1.43198e-01 
  5.60276e-02  1.28092e-01 
  5.72782e-02  1.14018e-01 
  5.85288e-02  1.00977e-01 
  5.97794e-02  8.89538e-02 
  6.10301e-02  7.79274e-02 
  6.22807e-02  6.78672e-02 
  6.35313e-02  5.87366e-02 
  6.47820e-02  5.04942e-02 
  6.60326e-02  4.30950e-02 
  6.72832e-02  3.64917e-02 
  6.85338e-02  3.06357e-02 
  6.97845e-02  2.54778e-02 
  7.10351e-02  2.09689e-02 
  7.22857e-02  1.70607e-02 
  7.35363e-02  1.37056e-02 
  7.47870e-02  1.08577e-02 
  7.60376e-02  8.47230e-03 
  7.72882e-02  6.50662e-03 
  7.85388e-02  4.91960e-03 
  7.97895e-02  3.67202e-03 
  8.10401e-02  2.72659e-03 
  8.22907e-02  2.04789e-03 
  8.35414e-02  1.60239e-03 
  8.47920e-02  1.35828e-03 
  8.60426e-02  1.28541e-03 
  8.72932e-02  1.35533e-03 
  8.85439e-02  1.54147e-03 
  8.97945e-02  1.81932e-03 
  9.10451e-02  2.16636e-03 
  9.22957e-02  2.56205e-03 
  9.35464e-02  2.98778e-03 
  9.47970e-02  3.42689e-03 
  9.60476e-02  3.86461e-03 
  9.72982e-02  4.28812e-03 
  9.85489e-02  4.68649e-03 
  9.97995e-02  5.05064e-03 
  1.01050e-01  5.37332e-03 
  1.02301e-01  5.64896e-03 
  1.03551e-01  5.87365e-03 
  1.04802e-01  6.04500e-03 
  1.06053e-01  6.16198e-03 
  1.07303e-01  6.22485e-03 
  1.08554e-01  6.23493e-03 
  1.09805e-01  6.19452e-03 
  1.11055e-01  6.10672e-03 
  1.12306e-01  5.97526e-03 
  1.13556e-01  5.80437e-03 
  1.14807e-01  5.59868e-03 
  1.16058e-01  5.36301e-03 
  1.17308e-01  5.10234e-03 
  1.18559e-01  4.82165e-03 
  1.19810e-01  4.52583e-03 
  1.21060e-01  4.21966e-03 
  1.22311e-01  3.90766e-03 
  1.23561e-01  3.59411e-03 
  1.24812e-01  3.28296e-03 
  1.26063e-01  2.97784e-03 
  1.27313e-01  2.68199e-03 
  1.28564e-01  2.39826e-03 
  1.29815e-01  2.12916e-03 
  1.31065e-01  1.87674e-03 
  1.32316e-01  1.64272e-03 
  1.33566e-01  1.42840e-03 
  1.34817e-01  1.23473e-03 
  1.36068e-01  1.06229e-03 
  1.37318e-01  9.11339e-04 
  1.38569e-01  7.81793e-04 
  1.39820e-01  6.73284e-04 
  1.41070e-01  5.85167e-04 
  1.42321e-01  5.16550e-04 
  1.43571e-01  4.66327e-04 
  1.44822e-01  4.33206e-04 
  1.46073e-01  4.15745e-04 
  1.47323e-01  4.12383e-04 
  1.48574e-01  4.21474e-04 
  1.49825e-01  4.41318e-04 
  1.51075e-01  4.70192e-04 
  1.52326e-01  5.06373e-04 
  1.53576e-01  5.48171e-04 
  1.54827e-01  5.93949e-04 
  1.56078e-01  6.42148e-04 
  1.57328e-01  6.91303e-04 
  1.58579e-01  7.40066e-04 
  1.59830e-01  7.87214e-04 
  1.61080e-01  8.31664e-04 
  1.62331e-01  8.72479e-04 
  1.63581e-01  9.08872e-04 
  1.64832e-01  9.40206e-04 
  1.66083e-01  9.65995e-04 
  1.67333e-01  9.85897e-04 
  1.68584e-01  9.99709e-04 
  1.69835e-01  1.00736e-03 
  1.71085e-01  1.00888e-03 
  1.72336e-01  1.00445e-03 
  1.73586e-01  9.94295e-04 
  1.74837e-01  9.78763e-04 
  1.76088e-01  9.58254e-04 
  1.77338e-01  9.33230e-04 
  1.78589e-01  9.04201e-04 
  1.79840e-01  8.71706e-04 
  1.81090e-01  8.36310e-04 
  1.82341e-01  7.98587e-04 
  1.83591e-01  7.59112e-04 
  1.84842e-01  7.18452e-04 
  1.86093e-01  6.77157e-04 
  1.87343e-01  6.35752e-04 
  1.88594e-01  5.94732e-04 
  1.89845e-01  5.54555e-04 
  1.91095e-01  5.15636e-04 
  1.92346e-01  4.78345e-04 
  1.93596e-01  4.43003e-04 
  1.94847e-01  4.09879e-04 
  1.96098e-01  3.79194e-04 
  1.97348e-01  3.51111e-04 
  1.98599e-01  3.25747e-04 
  1.99850e-01  3.03165e-04 
  2.01100e-01  2.83382e-04 
  2.02351e-01  2.66370e-04 
  2.03602e-01  2.52059e-04 
  2.04852e-01  2.40343e-04 
  2.06103e-01  2.31080e-04 
  2.07353e-01  2.24104e-04 
  2.08604e-01  2.19221e-04 
  2.09855e-01  2.16222e-04 
  2.11105e-01  2.14882e-04 
  2.12356e-01  2.14968e-04 
  2.13607e-01  2.16243e-04 
  2.14857e-01  2.18468e-04 
  2.16108e-01  2.21411e-04 
  2.17358e-01  2.24847e-04 
  2.18609e-01  2.28562e-04 
  2.19860e-01  2.32356e-04 
  2.21110e-01  2.36047e-04 
  2.22361e-01  2.39469e-04 
  2.23612e-01  2.42478e-04 
  2.24862e-01  2.44950e-04 
  2.26113e-01  2.46783e-04 
  2.27363e-01  2.47896e-04 
  2.28614e-01  2.48230e-04 
  2.29865e-01  2.47746e-04 
  2.31115e-01  2.46425e-04 
  2.32366e-01  2.44266e-04 
  2.33617e-01  2.41287e-04 
  2.34867e-01  2.37520e-04 
  2.36118e-01  2.33011e-04 
  2.37368e-01  2.27819e-04 
  2.38619e-01  2.22013e-04 
  2.39870e-01  2.15671e-04 
  2.41120e-01  2.08877e-04 
  2.42371e-01  2.01719e-04 
  2.43622e-01  1.94290e-04 
  2.44872e-01  1.86682e-04 
  2.46123e-01  1.78988e-04 
  2.47373e-01  1.71297e-04 
  2.48624e-01  1.63698e-04 
  2.49875e-01  1.56272e-04 
  2.51125e-01  1.49095e-04 
  2.52376e-01  1.42237e-04 
  2.53627e-01  1.35758e-04 
  2.54877e-01  1.29712e-04 
  2.56128e-01  1.24145e-04 
  2.57378e-01  1.19090e-04 
  2.58629e-01  1.14573e-04 
  2.59880e-01  1.10613e-04 
  2.61130e-01  1.07217e-04 
  2.62381e-01  1.04385e-04 
  2.63632e-01  1.02107e-04 
  2.64882e-01  1.00367e-04 
  2.66133e-01  9.91420e-05 
  2.67383e-01  9.84023e-05 
  2.68634e-01  9.81128e-05 
  2.69885e-01  9.82337e-05 
  2.71135e-01  9.87215e-05 
  2.72386e-01  9.95296e-05 
  2.73637e-01  1.00610e-04 
  2.74887e-01  1.01911e-04 
  2.76138e-01  1.03384e-04 
  2.77388e-01  1.04978e-04 
  2.78639e-01  1.06643e-04 
  2.79890e-01  1.08332e-04 
  2.81140e-01  1.09999e-04 
  2.82391e-01  1.11600e-04 
  2.83642e-01  1.13095e-04 
  2.84892e-01  1.14448e-04 
  2.86143e-01  1.15625e-04 
  2.87393e-01  1.16596e-04 
  2.88644e-01  1.17337e-04 
  2.89895e-01  1.17827e-04 
  2.91145e-01  1.18048e-04 
  2.92396e-01  1.17988e-04 
  2.93647e-01  1.17639e-04 
  2.94897e-01  1.16996e-04 
  2.96148e-01  1.16058e-04 
  2.97398e-01  1.14830e-04 
  2.98649e-01  1.13318e-04 
  2.99900e-01  1.11532e-04 
  3.01150e-01  1.09485e-04 
  3.02401e-01  1.07195e-04 
  3.03652e-01  1.04679e-04 
  3.04902e-01  1.01958e-04 
  3.06153e-01  9.90552e-05 
  3.07404e-01  9.59942e-05 
  3.08654e-01  9.28004e-05 
  3.09905e-01  8.94998e-05 
  3.11155e-01  8.61189e-05 
  3.12406e-01  8.26842e-05 
  3.13657e-01  7.92222e-05 
  3.14907e-01  7.57587e-05 
  3.16158e-01  7.23189e-05 
  3.17409e-01  6.89268e-05 
  3.18659e-01  6.56052e-05 
  3.19910e-01  6.23754e-05 
  3.21160e-01  5.92569e-05 
  3.22411e-01  5.62674e-05 
  3.23662e-01  5.34228e-05 
  3.24912e-01  5.07365e-05 
  3.26163e-01  4.82201e-05 
  3.27414e-01  4.58829e-05 
  3.28664e-01  4.37317e-05 
  3.29915e-01  4.17715e-05 
  3.31165e-01  4.00046e-05 
  3.32416e-01  3.84317e-05 
  3.33667e-01  3.70510e-05 
  3.34917e-01  3.58590e-05 
  3.36168e-01  3.48501e-05 
  3.37419e-01  3.40173e-05 
  3.38669e-01  3.33518e-05 
  3.39920e-01  3.28436e-05 
  3.41170e-01  3.24813e-05 
  3.42421e-01  3.22528e-05 
  3.43672e-01  3.21447e-05 
  3.44922e-01  3.21435e-05 
  3.46173e-01  3.22349e-05 
  3.47424e-01  3.24044e-05 
  3.48674e-01  3.26377e-05 
  3.49925e-01  3.29205e-05 
  3.51175e-01  3.32388e-05 
  3.52426e-01  3.35793e-05 
  3.53677e-01  3.39293e-05 
  3.54927e-01  3.42768e-05 
  3.56178e-01  3.46111e-05 
  3.57429e-01  3.49224e-05 
  3.58679e-01  3.52021e-05 
  3.59930e-01  3.54430e-05 
  3.61180e-01  3.56392e-05 
  3.62431e-01  3.57860e-05 
  3.63682e-01  3.58805e-05 
  3.64932e-01  3.59208e-05 
  3.66183e-01  3.59065e-05 
  3.67434e-01  3.58386e-05 
  3.68684e-01  3.57192e-05 
  3.69935e-01  3.55517e-05 
  3.71185e-01  3.53403e-05 
  3.72436e-01  3.50902e-05 
  3.73687e-01  3.48076e-05 
  3.74937e-01  3.44991e-05 
  3.76188e-01  3.41717e-05 
  3.77439e-01  3.38329e-05 
  3.78689e-01  3.34902e-05 
  3.79940e-01  3.31513e-05 
  3.81190e-01  3.28235e-05 
  3.82441e-01  3.25139e-05 
  3.83692e-01  3.22291e-05 
  3.84942e-01  3.19751e-05 
  3.86193e-01  3.17572e-05 
  3.87444e-01  3.15800e-05 
  3.88694e-01  3.14470e-05 
  3.89945e-01  3.13607e-05 
  3.91195e-01  3.13228e-05 
  3.92446e-01  3.13338e-05 
  3.93697e-01  3.13931e-05 
  3.94947e-01  3.14990e-05 
  3.96198e-01  3.16490e-05 
  3.97449e-01  3.18392e-05 
  3.98699e-01  3.20652e-05 
  3.99950e-01  3.23214e-05 
  4.01201e-01  3.26016e-05 
  4.02451e-01  3.28990e-05 
  4.03702e-01  3.32060e-05 
  4.04952e-01  3.35150e-05 
  4.06203e-01  3.38178e-05 
  4.07454e-01  3.41061e-05 
  4.08704e-01  3.43719e-05 
  4.09955e-01  3.46072e-05 
  4.11206e-01  3.48041e-05 
  4.12456e-01  3.49556e-05 
  4.13707e-01  3.50548e-05 
  4.14957e-01  3.50958e-05 
  4.16208e-01  3.50735e-05 
  4.17459e-01  3.49836e-05 
  4.18709e-01  3.48227e-05 
  4.19960e-01  3.45886e-05 
  4.21211e-01  3.42801e-05 
  4.22461e-01  3.38972e-05 
  4.23712e-01  3.34409e-05 
  4.24962e-01  3.29133e-05 
  4.26213e-01  3.23175e-05 
  4.27464e-01  3.16579e-05 
  4.28714e-01  3.09396e-05 
  4.29965e-01  3.01686e-05 
  4.31216e-01  2.93517e-05 
  4.32466e-01  2.84965e-05 
  4.33717e-01  2.76111e-05 
  4.34967e-01  2.67038e-05 
  4.36218e-01  2.57836e-05 
  4.37469e-01  2.48595e-05 
  4.38719e-01  2.39405e-05 
  4.39970e-01  2.30356e-05 
  4.41221e-01  2.21536e-05 
  4.42471e-01  2.13029e-05 
  4.43722e-01  2.04916e-05 
  4.44972e-01  1.97270e-05 
  4.46223e-01  1.90160e-05 
  4.47474e-01  1.83647e-05 
  4.48724e-01  1.77784e-05 
  4.49975e-01  1.72615e-05 
  4.51226e-01  1.68174e-05 
  4.52476e-01  1.64488e-05 
  4.53727e-01  1.61574e-05 
  4.54977e-01  1.59436e-05 
  4.56228e-01  1.58074e-05 
  4.57479e-01  1.57474e-05 
  4.58729e-01  1.57618e-05 
  4.59980e-01  1.58474e-05 
  4.61231e-01  1.60008e-05 
  4.62481e-01  1.62177e-05 
  4.63732e-01  1.64931e-05 
  4.64982e-01  1.68215e-05 
  4.66233e-01  1.71973e-05 
  4.67484e-01  1.76141e-05 
  4.68734e-01  1.80657e-05 
  4.69985e-01  1.85455e-05 
  4.71236e-01  1.90472e-05 
  4.72486e-01  1.95641e-05 
  4.73737e-01  2.00901e-05 
  4.74987e-01  2.06192e-05 
  4.76238e-01  2.11456e-05 
  4.77489e-01  2.16642e-05 
  4.78739e-01  2.21699e-05 
  4.79990e-01  2.26586e-05 
  4.81241e-01  2.31263e-05 
  4.82491e-01  2.35699e-05 
  4.83742e-01  2.39866e-05 
  4.84992e-01  2.43744e-05 
  4.86243e-01  2.47317e-05 
  4.87494e-01  2.50575e-05 
  4.88744e-01  2.53515e-05 
  4.89995e-01  2.56137e-05 
  4.91246e-01  2.58445e-05 
  4.92496e-01  2.60450e-05 
  4.93747e-01  2.62164e-05 
  4.94997e-01  2.63603e-05 
  4.96248e-01  2.64784e-05 
  4.97499e-01  2.65729e-05 
  4.98749e-01  2.66458e-05 
  5.00000e-01  2.66994e-05 
