# Simulated SAS data with noise
# sigma generated using Sedlak et al, k=100000, c=0.55, https://doi.org/10.1107/S1600576717003077, and rebinned with 10 per bin)
# q            I            sigma       
  1.00000e-03  4.29189e-01  1.37196e-02 
  2.25063e-03  4.22672e-01  9.14303e-03 
  3.50125e-03  4.22203e-01  7.32742e-03 
  4.75188e-03  4.19044e-01  6.28590e-03 
  6.00251e-03  4.21601e-01  5.58833e-03 
  7.25313e-03  4.23651e-01  5.07849e-03 
  8.50376e-03  4.15234e-01  4.68418e-03 
  9.75439e-03  4.18395e-01  4.36676e-03 
  1.10050e-02  4.20974e-01  4.10345e-03 
  1.22556e-02  4.14810e-01  3.87980e-03 
  1.35063e-02  4.07633e-01  3.68615e-03 
  1.47569e-02  4.08763e-01  3.51573e-03 
  1.60075e-02  4.06342e-01  3.36364e-03 
  1.72581e-02  4.01500e-01  3.22622e-03 
  1.85088e-02  4.03651e-01  3.10067e-03 
  1.97594e-02  4.02068e-01  2.98479e-03 
  2.10100e-02  3.90683e-01  2.87685e-03 
  2.22607e-02  3.84999e-01  2.77543e-03 
  2.35113e-02  3.78238e-01  2.67938e-03 
  2.47619e-02  3.72158e-01  2.58775e-03 
  2.60125e-02  3.68164e-01  2.49974e-03 
  2.72632e-02  3.54969e-01  2.41470e-03 
  2.85138e-02  3.48017e-01  2.33207e-03 
  2.97644e-02  3.36667e-01  2.25140e-03 
  3.10150e-02  3.27244e-01  2.17232e-03 
  3.22657e-02  3.21120e-01  2.09454e-03 
  3.35163e-02  3.07576e-01  2.01782e-03 
  3.47669e-02  2.92608e-01  1.94199e-03 
  3.60175e-02  2.79911e-01  1.86694e-03 
  3.72682e-02  2.68285e-01  1.79260e-03 
  3.85188e-02  2.56819e-01  1.71894e-03 
  3.97694e-02  2.37548e-01  1.64600e-03 
  4.10201e-02  2.25291e-01  1.57380e-03 
  4.22707e-02  2.15443e-01  1.50243e-03 
  4.35213e-02  1.97930e-01  1.43197e-03 
  4.47719e-02  1.84910e-01  1.36255e-03 
  4.60226e-02  1.74426e-01  1.29427e-03 
  4.72732e-02  1.58936e-01  1.22725e-03 
  4.85238e-02  1.46081e-01  1.16163e-03 
  4.97744e-02  1.32956e-01  1.09751e-03 
  5.10251e-02  1.22797e-01  1.03500e-03 
  5.22757e-02  1.10206e-01  9.74202e-04 
  5.35263e-02  1.00134e-01  9.15195e-04 
  5.47769e-02  8.94679e-02  8.58052e-04 
  5.60276e-02  8.17534e-02  8.02831e-04 
  5.72782e-02  7.21904e-02  7.49574e-04 
  5.85288e-02  6.34167e-02  6.98311e-04 
  5.97794e-02  5.58456e-02  6.49061e-04 
  6.10301e-02  4.92485e-02  6.01831e-04 
  6.22807e-02  4.35632e-02  5.56620e-04 
  6.35313e-02  3.69033e-02  5.13418e-04 
  6.47820e-02  3.13394e-02  4.72212e-04 
  6.60326e-02  2.74351e-02  4.32982e-04 
  6.72832e-02  2.29254e-02  3.95709e-04 
  6.85338e-02  1.92690e-02  3.60375e-04 
  6.97845e-02  1.62960e-02  3.26963e-04 
  7.10351e-02  1.30716e-02  2.95466e-04 
  7.22857e-02  1.09879e-02  2.65882e-04 
  7.35363e-02  8.51608e-03  2.38226e-04 
  7.47870e-02  6.86309e-03  2.12532e-04 
  7.60376e-02  5.22754e-03  1.88859e-04 
  7.72882e-02  4.24190e-03  1.67299e-04 
  7.85388e-02  3.04171e-03  1.47991e-04 
  7.97895e-02  2.25618e-03  1.31119e-04 
  8.10401e-02  1.81018e-03  1.16916e-04 
  8.22907e-02  1.33915e-03  1.05635e-04 
  8.35414e-02  1.08711e-03  9.74824e-05 
  8.47920e-02  9.99163e-04  9.25139e-05 
  8.60426e-02  8.89261e-04  9.05425e-05 
  8.72932e-02  9.34772e-04  9.11270e-05 
  8.85439e-02  8.10130e-04  9.36688e-05 
  8.97945e-02  1.19890e-03  9.75480e-05 
  9.10451e-02  1.45621e-03  1.02221e-04 
  9.22957e-02  1.41919e-03  1.07260e-04 
  9.35464e-02  1.93413e-03  1.12346e-04 
  9.47970e-02  2.36480e-03  1.17254e-04 
  9.60476e-02  2.69126e-03  1.21827e-04 
  9.72982e-02  2.66612e-03  1.25962e-04 
  9.85489e-02  2.81909e-03  1.29591e-04 
  9.97995e-02  3.06688e-03  1.32673e-04 
  1.01050e-01  3.49933e-03  1.35189e-04 
  1.02301e-01  3.30533e-03  1.37131e-04 
  1.03551e-01  3.74379e-03  1.38505e-04 
  1.04802e-01  3.54581e-03  1.39324e-04 
  1.06053e-01  3.92153e-03  1.39608e-04 
  1.07303e-01  3.91297e-03  1.39380e-04 
  1.08554e-01  3.67246e-03  1.38668e-04 
  1.09805e-01  3.58571e-03  1.37503e-04 
  1.11055e-01  3.80266e-03  1.35917e-04 
  1.12306e-01  3.67830e-03  1.33943e-04 
  1.13556e-01  3.57848e-03  1.31617e-04 
  1.14807e-01  3.31675e-03  1.28973e-04 
  1.16058e-01  3.29899e-03  1.26047e-04 
  1.17308e-01  3.37367e-03  1.22874e-04 
  1.18559e-01  3.29055e-03  1.19489e-04 
  1.19810e-01  2.88557e-03  1.15928e-04 
  1.21060e-01  2.91931e-03  1.12224e-04 
  1.22311e-01  2.71841e-03  1.08412e-04 
  1.23561e-01  2.35846e-03  1.04526e-04 
  1.24812e-01  2.03784e-03  1.00599e-04 
  1.26063e-01  1.87276e-03  9.66643e-05 
  1.27313e-01  1.67880e-03  9.27542e-05 
  1.28564e-01  1.44277e-03  8.89014e-05 
  1.29815e-01  1.42988e-03  8.51381e-05 
  1.31065e-01  1.10412e-03  8.14960e-05 
  1.32316e-01  1.03022e-03  7.80062e-05 
  1.33566e-01  9.14465e-04  7.46992e-05 
  1.34817e-01  7.53678e-04  7.16038e-05 
  1.36068e-01  6.98549e-04  6.87469e-05 
  1.37318e-01  5.70284e-04  6.61524e-05 
  1.38569e-01  4.82926e-04  6.38405e-05 
  1.39820e-01  3.23850e-04  6.18261e-05 
  1.41070e-01  4.16244e-04  6.01180e-05 
  1.42321e-01  3.61307e-04  5.87179e-05 
  1.43571e-01  2.68141e-04  5.76202e-05 
  1.44822e-01  2.50272e-04  5.68116e-05 
  1.46073e-01  2.21427e-04  5.62721e-05 
  1.47323e-01  2.20262e-04  5.59758e-05 
  1.48574e-01  3.91840e-04  5.58928e-05 
  1.49825e-01  2.91476e-04  5.59903e-05 
  1.51075e-01  3.10739e-04  5.62345e-05 
  1.52326e-01  3.89066e-04  5.65922e-05 
  1.53576e-01  4.24728e-04  5.70315e-05 
  1.54827e-01  4.24025e-04  5.75228e-05 
  1.56078e-01  4.58965e-04  5.80395e-05 
  1.57328e-01  4.52106e-04  5.85581e-05 
  1.58579e-01  4.33896e-04  5.90581e-05 
  1.59830e-01  6.13861e-04  5.95226e-05 
  1.61080e-01  5.79127e-04  5.99373e-05 
  1.62331e-01  6.46075e-04  6.02910e-05 
  1.63581e-01  5.25816e-04  6.05751e-05 
  1.64832e-01  6.41826e-04  6.07830e-05 
  1.66083e-01  5.14373e-04  6.09107e-05 
  1.67333e-01  5.49521e-04  6.09557e-05 
  1.68584e-01  5.77809e-04  6.09172e-05 
  1.69835e-01  5.85661e-04  6.07960e-05 
  1.71085e-01  7.70611e-04  6.05939e-05 
  1.72336e-01  6.07291e-04  6.03141e-05 
  1.73586e-01  5.88431e-04  5.99604e-05 
  1.74837e-01  6.61702e-04  5.95376e-05 
  1.76088e-01  5.94725e-04  5.90511e-05 
  1.77338e-01  6.47341e-04  5.85068e-05 
  1.78589e-01  6.78420e-04  5.79110e-05 
  1.79840e-01  5.01060e-04  5.72705e-05 
  1.81090e-01  4.76307e-04  5.65923e-05 
  1.82341e-01  5.25177e-04  5.58834e-05 
  1.83591e-01  4.77760e-04  5.51511e-05 
  1.84842e-01  4.99162e-04  5.44026e-05 
  1.86093e-01  3.98096e-04  5.36451e-05 
  1.87343e-01  4.51210e-04  5.28855e-05 
  1.88594e-01  3.35558e-04  5.21306e-05 
  1.89845e-01  3.90960e-04  5.13868e-05 
  1.91095e-01  3.14523e-04  5.06602e-05 
  1.92346e-01  2.74847e-04  4.99563e-05 
  1.93596e-01  3.01583e-04  4.92802e-05 
  1.94847e-01  2.98440e-04  4.86363e-05 
  1.96098e-01  1.35521e-04  4.80282e-05 
  1.97348e-01  1.93299e-04  4.74590e-05 
  1.98599e-01  2.64464e-04  4.69309e-05 
  1.99850e-01  1.63562e-04  4.64455e-05 
  2.01100e-01  2.41569e-04  4.60032e-05 
  2.02351e-01  1.40919e-04  4.56042e-05 
  2.03602e-01  1.71319e-04  4.52476e-05 
  2.04852e-01  1.43370e-04  4.49319e-05 
  2.06103e-01  1.64533e-04  4.46551e-05 
  2.07353e-01  1.26584e-04  4.44146e-05 
  2.08604e-01  1.03278e-04  4.42074e-05 
  2.09855e-01  1.44844e-04  4.40302e-05 
  2.11105e-01  1.03908e-04  4.38794e-05 
  2.12356e-01  1.20363e-04  4.37512e-05 
  2.13607e-01  1.79775e-04  4.36421e-05 
  2.14857e-01  1.65474e-04  4.35481e-05 
  2.16108e-01  1.20151e-04  4.34657e-05 
  2.17358e-01  1.05592e-04  4.33913e-05 
  2.18609e-01  1.76121e-04  4.33218e-05 
  2.19860e-01  2.33584e-04  4.32542e-05 
  2.21110e-01  1.25259e-04  4.31857e-05 
  2.22361e-01  1.56998e-04  4.31139e-05 
  2.23612e-01  1.63495e-04  4.30368e-05 
  2.24862e-01  1.83138e-04  4.29527e-05 
  2.26113e-01  5.00108e-05  4.28602e-05 
  2.27363e-01  1.25255e-04  4.27582e-05 
  2.28614e-01  1.66752e-04  4.26458e-05 
  2.29865e-01  1.73135e-04  4.25227e-05 
  2.31115e-01  1.02563e-04  4.23887e-05 
  2.32366e-01  2.02666e-04  4.22438e-05 
  2.33617e-01  1.40682e-04  4.20883e-05 
  2.34867e-01  1.87967e-04  4.19227e-05 
  2.36118e-01  1.80377e-04  4.17477e-05 
  2.37368e-01  1.53481e-04  4.15642e-05 
  2.38619e-01  1.12153e-04  4.13731e-05 
  2.39870e-01  1.41287e-04  4.11756e-05 
  2.41120e-01  1.37140e-04  4.09728e-05 
  2.42371e-01  9.06538e-05  4.07659e-05 
  2.43622e-01  9.46009e-05  4.05563e-05 
  2.44872e-01  1.23713e-04  4.03452e-05 
  2.46123e-01  8.90670e-05  4.01340e-05 
  2.47373e-01  1.25334e-04  3.99238e-05 
  2.48624e-01  1.65011e-04  3.97160e-05 
  2.49875e-01  7.50597e-05  3.95116e-05 
  2.51125e-01  1.42232e-04  3.93118e-05 
  2.52376e-01  1.42218e-04  3.91174e-05 
  2.53627e-01  1.40567e-04  3.89293e-05 
  2.54877e-01  6.09482e-05  3.87483e-05 
  2.56128e-01  6.78267e-05  3.85750e-05 
  2.57378e-01  5.19507e-05  3.84098e-05 
  2.58629e-01  4.96554e-05  3.82532e-05 
  2.59880e-01  5.66878e-05  3.81052e-05 
  2.61130e-01  1.41794e-05  3.79661e-05 
  2.62381e-01  -9.08018e-06 3.78357e-05 
  2.63632e-01  8.11374e-05  3.77139e-05 
  2.64882e-01  5.20646e-05  3.76004e-05 
  2.66133e-01  -1.73460e-05 3.74948e-05 
  2.67383e-01  6.33862e-05  3.73966e-05 
  2.68634e-01  8.27882e-05  3.73055e-05 
  2.69885e-01  4.62210e-05  3.72206e-05 
  2.71135e-01  6.38612e-05  3.71414e-05 
  2.72386e-01  8.42347e-05  3.70672e-05 
  2.73637e-01  1.33063e-04  3.69973e-05 
  2.74887e-01  1.22385e-04  3.69310e-05 
  2.76138e-01  5.20964e-05  3.68675e-05 
  2.77388e-01  7.22252e-05  3.68061e-05 
  2.78639e-01  1.69294e-05  3.67461e-05 
  2.79890e-01  -8.04535e-06 3.66869e-05 
  2.81140e-01  1.39514e-05  3.66278e-05 
  2.82391e-01  6.12304e-05  3.65682e-05 
  2.83642e-01  7.96307e-05  3.65077e-05 
  2.84892e-01  8.95067e-05  3.64457e-05 
  2.86143e-01  9.67857e-05  3.63817e-05 
  2.87393e-01  5.14095e-05  3.63155e-05 
  2.88644e-01  5.16504e-05  3.62466e-05 
  2.89895e-01  8.52154e-05  3.61749e-05 
  2.91145e-01  9.46682e-05  3.61000e-05 
  2.92396e-01  8.97285e-05  3.60219e-05 
  2.93647e-01  -3.81741e-05 3.59405e-05 
  2.94897e-01  4.93873e-05  3.58557e-05 
  2.96148e-01  4.29646e-05  3.57676e-05 
  2.97398e-01  8.68651e-05  3.56762e-05 
  2.98649e-01  5.04013e-05  3.55815e-05 
  2.99900e-01  1.15122e-04  3.54838e-05 
  3.01150e-01  9.12757e-05  3.53833e-05 
  3.02401e-01  3.86005e-05  3.52801e-05 
  3.03652e-01  9.89668e-05  3.51745e-05 
  3.04902e-01  6.39567e-05  3.50667e-05 
  3.06153e-01  5.40087e-05  3.49572e-05 
  3.07404e-01  5.40629e-05  3.48461e-05 
  3.08654e-01  3.73099e-05  3.47339e-05 
  3.09905e-01  2.27145e-05  3.46208e-05 
  3.11155e-01  5.89634e-05  3.45073e-05 
  3.12406e-01  5.09103e-05  3.43935e-05 
  3.13657e-01  2.63873e-05  3.42800e-05 
  3.14907e-01  3.04351e-05  3.41669e-05 
  3.16158e-01  8.26485e-05  3.40547e-05 
  3.17409e-01  9.25986e-05  3.39436e-05 
  3.18659e-01  1.38534e-05  3.38340e-05 
  3.19910e-01  -3.02998e-05 3.37260e-05 
  3.21160e-01  8.11625e-05  3.36200e-05 
  3.22411e-01  4.37470e-05  3.35161e-05 
  3.23662e-01  2.62283e-05  3.34146e-05 
  3.24912e-01  2.66398e-05  3.33156e-05 
  3.26163e-01  4.07843e-05  3.32192e-05 
  3.27414e-01  1.11161e-05  3.31257e-05 
  3.28664e-01  3.92861e-05  3.30349e-05 
  3.29915e-01  7.42329e-05  3.29471e-05 
  3.31165e-01  -5.41569e-06 3.28622e-05 
  3.32416e-01  -7.11335e-07 3.27801e-05 
  3.33667e-01  3.02837e-05  3.27010e-05 
  3.34917e-01  1.56666e-05  3.26246e-05 
  3.36168e-01  -7.96119e-06 3.25510e-05 
  3.37419e-01  6.11350e-05  3.24800e-05 
  3.38669e-01  4.63159e-05  3.24116e-05 
  3.39920e-01  -1.20995e-05 3.23454e-05 
  3.41170e-01  1.87388e-05  3.22815e-05 
  3.42421e-01  -4.55504e-05 3.22196e-05 
  3.43672e-01  1.04031e-06  3.21596e-05 
  3.44922e-01  3.75966e-05  3.21012e-05 
  3.46173e-01  6.68297e-05  3.20443e-05 
  3.47424e-01  9.13679e-06  3.19887e-05 
  3.48674e-01  2.68178e-06  3.19342e-05 
  3.49925e-01  -2.51036e-05 3.18806e-05 
  3.51175e-01  2.25694e-05  3.18278e-05 
  3.52426e-01  2.35448e-05  3.17755e-05 
  3.53677e-01  1.12143e-05  3.17236e-05 
  3.54927e-01  1.18564e-05  3.16720e-05 
  3.56178e-01  8.16113e-05  3.16205e-05 
  3.57429e-01  -2.14323e-06 3.15690e-05 
  3.58679e-01  3.48118e-05  3.15174e-05 
  3.59930e-01  -7.68279e-06 3.14655e-05 
  3.61180e-01  2.03324e-05  3.14134e-05 
  3.62431e-01  1.11413e-06  3.13610e-05 
  3.63682e-01  -1.25128e-05 3.13082e-05 
  3.64932e-01  3.34902e-05  3.12550e-05 
  3.66183e-01  -7.42022e-06 3.12014e-05 
  3.67434e-01  -2.79732e-05 3.11474e-05 
  3.68684e-01  -6.85848e-06 3.10931e-05 
  3.69935e-01  3.06409e-05  3.10384e-05 
  3.71185e-01  8.08243e-07  3.09835e-05 
  3.72436e-01  -4.94601e-05 3.09284e-05 
  3.73687e-01  3.10796e-05  3.08732e-05 
  3.74937e-01  9.05431e-05  3.08180e-05 
  3.76188e-01  -1.64299e-05 3.07627e-05 
  3.77439e-01  1.27299e-05  3.07076e-05 
  3.78689e-01  5.51122e-05  3.06528e-05 
  3.79940e-01  1.26052e-06  3.05982e-05 
  3.81190e-01  1.38903e-05  3.05441e-05 
  3.82441e-01  -4.38412e-05 3.04904e-05 
  3.83692e-01  4.48183e-05  3.04372e-05 
  3.84942e-01  3.22738e-05  3.03847e-05 
  3.86193e-01  2.35708e-06  3.03329e-05 
  3.87444e-01  -4.22872e-06 3.02818e-05 
  3.88694e-01  6.34148e-06  3.02314e-05 
  3.89945e-01  3.92228e-06  3.01819e-05 
  3.91195e-01  8.13329e-06  3.01332e-05 
  3.92446e-01  5.25032e-05  3.00852e-05 
  3.93697e-01  -4.65809e-05 3.00381e-05 
  3.94947e-01  6.87001e-05  2.99918e-05 
  3.96198e-01  6.41152e-05  2.99462e-05 
  3.97449e-01  4.57743e-06  2.99012e-05 
  3.98699e-01  3.18088e-06  2.98570e-05 
  3.99950e-01  3.49542e-05  2.98132e-05 
  4.01201e-01  9.33265e-06  2.97700e-05 
  4.02451e-01  3.98318e-05  2.97272e-05 
  4.03702e-01  3.22772e-05  2.96847e-05 
  4.04952e-01  4.57918e-05  2.96424e-05 
  4.06203e-01  5.56380e-05  2.96003e-05 
  4.07454e-01  4.55428e-05  2.95581e-05 
  4.08704e-01  1.41631e-05  2.95160e-05 
  4.09955e-01  5.15083e-05  2.94736e-05 
  4.11206e-01  -1.35236e-06 2.94310e-05 
  4.12456e-01  9.11864e-05  2.93881e-05 
  4.13707e-01  5.30346e-05  2.93448e-05 
  4.14957e-01  9.02605e-06  2.93010e-05 
  4.16208e-01  5.09510e-05  2.92567e-05 
  4.17459e-01  6.35186e-05  2.92118e-05 
  4.18709e-01  5.62109e-06  2.91663e-05 
  4.19960e-01  2.12909e-05  2.91202e-05 
  4.21211e-01  5.32862e-05  2.90734e-05 
  4.22461e-01  2.95738e-06  2.90260e-05 
  4.23712e-01  -4.22998e-06 2.89779e-05 
  4.24962e-01  8.03854e-06  2.89293e-05 
  4.26213e-01  -3.76919e-05 2.88801e-05 
  4.27464e-01  3.35287e-05  2.88303e-05 
  4.28714e-01  1.24474e-05  2.87801e-05 
  4.29965e-01  3.66044e-05  2.87295e-05 
  4.31216e-01  2.17279e-05  2.86786e-05 
  4.32466e-01  6.11341e-06  2.86274e-05 
  4.33717e-01  1.02333e-05  2.85762e-05 
  4.34967e-01  2.02693e-05  2.85249e-05 
  4.36218e-01  4.31969e-05  2.84736e-05 
  4.37469e-01  5.18904e-05  2.84225e-05 
  4.38719e-01  2.82988e-05  2.83716e-05 
  4.39970e-01  1.53726e-06  2.83212e-05 
  4.41221e-01  7.25989e-05  2.82711e-05 
  4.42471e-01  -1.62537e-05 2.82216e-05 
  4.43722e-01  7.72941e-06  2.81728e-05 
  4.44972e-01  1.84116e-05  2.81246e-05 
  4.46223e-01  1.63699e-05  2.80773e-05 
  4.47474e-01  -4.60419e-05 2.80308e-05 
  4.48724e-01  3.37964e-05  2.79851e-05 
  4.49975e-01  1.11070e-05  2.79405e-05 
  4.51226e-01  -6.35393e-06 2.78968e-05 
  4.52476e-01  1.80740e-06  2.78542e-05 
  4.53727e-01  -3.44092e-05 2.78125e-05 
  4.54977e-01  9.38370e-06  2.77719e-05 
  4.56228e-01  -1.93239e-05 2.77323e-05 
  4.57479e-01  1.09382e-05  2.76937e-05 
  4.58729e-01  4.07290e-05  2.76561e-05 
  4.59980e-01  3.67040e-05  2.76194e-05 
  4.61231e-01  2.85161e-05  2.75836e-05 
  4.62481e-01  2.17807e-05  2.75487e-05 
  4.63732e-01  -1.51960e-05 2.75145e-05 
  4.64982e-01  -2.03733e-06 2.74811e-05 
  4.66233e-01  1.95110e-06  2.74483e-05 
  4.67484e-01  1.10311e-06  2.74161e-05 
  4.68734e-01  5.02983e-05  2.73844e-05 
  4.69985e-01  3.30739e-05  2.73532e-05 
  4.71236e-01  -7.90216e-06 2.73223e-05 
  4.72486e-01  5.21552e-05  2.72917e-05 
  4.73737e-01  1.61611e-05  2.72613e-05 
  4.74987e-01  1.46829e-05  2.72311e-05 
  4.76238e-01  2.44255e-05  2.72010e-05 
  4.77489e-01  -6.32766e-06 2.71710e-05 
  4.78739e-01  -4.16290e-05 2.71409e-05 
  4.79990e-01  -6.09454e-06 2.71108e-05 
  4.81241e-01  -1.44866e-06 2.70805e-05 
  4.82491e-01  2.74504e-05  2.70501e-05 
  4.83742e-01  2.11308e-05  2.70196e-05 
  4.84992e-01  -4.20449e-05 2.69889e-05 
  4.86243e-01  -1.12043e-05 2.69580e-05 
  4.87494e-01  -1.79050e-05 2.69268e-05 
  4.88744e-01  3.47495e-05  2.68955e-05 
  4.89995e-01  -6.83907e-06 2.68639e-05 
  4.91246e-01  2.48511e-05  2.68321e-05 
  4.92496e-01  -2.08714e-05 2.68002e-05 
  4.93747e-01  5.75467e-05  2.67680e-05 
  4.94997e-01  5.86472e-05  2.67357e-05 
  4.96248e-01  1.98081e-05  2.67032e-05 
  4.97499e-01  5.98574e-05  2.66706e-05 
  4.98749e-01  -1.95481e-05 2.66379e-05 
  5.00000e-01  -3.71984e-06 2.66052e-05 
