# Theoretical SAS data
# q            I           
  1.00000e-03  9.99596e-01 
  2.25063e-03  9.97958e-01 
  3.50125e-03  9.95063e-01 
  4.75188e-03  9.90924e-01 
  6.00251e-03  9.85554e-01 
  7.25313e-03  9.78971e-01 
  8.50376e-03  9.71198e-01 
  9.75439e-03  9.62262e-01 
  1.10050e-02  9.52192e-01 
  1.22556e-02  9.41022e-01 
  1.35063e-02  9.28791e-01 
  1.47569e-02  9.15538e-01 
  1.60075e-02  9.01309e-01 
  1.72581e-02  8.86148e-01 
  1.85088e-02  8.70106e-01 
  1.97594e-02  8.53235e-01 
  2.10100e-02  8.35589e-01 
  2.22607e-02  8.17223e-01 
  2.35113e-02  7.98195e-01 
  2.47619e-02  7.78563e-01 
  2.60125e-02  7.58388e-01 
  2.72632e-02  7.37730e-01 
  2.85138e-02  7.16650e-01 
  2.97644e-02  6.95209e-01 
  3.10150e-02  6.73470e-01 
  3.22657e-02  6.51491e-01 
  3.35163e-02  6.29335e-01 
  3.47669e-02  6.07060e-01 
  3.60175e-02  5.84726e-01 
  3.72682e-02  5.62388e-01 
  3.85188e-02  5.40102e-01 
  3.97694e-02  5.17923e-01 
  4.10201e-02  4.95901e-01 
  4.22707e-02  4.74088e-01 
  4.35213e-02  4.52529e-01 
  4.47719e-02  4.31270e-01 
  4.60226e-02  4.10354e-01 
  4.72732e-02  3.89820e-01 
  4.85238e-02  3.69705e-01 
  4.97744e-02  3.50043e-01 
  5.10251e-02  3.30865e-01 
  5.22757e-02  3.12199e-01 
  5.35263e-02  2.94071e-01 
  5.47769e-02  2.76503e-01 
  5.60276e-02  2.59514e-01 
  5.72782e-02  2.43119e-01 
  5.85288e-02  2.27334e-01 
  5.97794e-02  2.12167e-01 
  6.10301e-02  1.97627e-01 
  6.22807e-02  1.83719e-01 
  6.35313e-02  1.70445e-01 
  6.47820e-02  1.57804e-01 
  6.60326e-02  1.45795e-01 
  6.72832e-02  1.34412e-01 
  6.85338e-02  1.23649e-01 
  6.97845e-02  1.13495e-01 
  7.10351e-02  1.03941e-01 
  7.22857e-02  9.49744e-02 
  7.35363e-02  8.65798e-02 
  7.47870e-02  7.87422e-02 
  7.60376e-02  7.14446e-02 
  7.72882e-02  6.46690e-02 
  7.85388e-02  5.83963e-02 
  7.97895e-02  5.26069e-02 
  8.10401e-02  4.72801e-02 
  8.22907e-02  4.23950e-02 
  8.35414e-02  3.79303e-02 
  8.47920e-02  3.38641e-02 
  8.60426e-02  3.01748e-02 
  8.72932e-02  2.68405e-02 
  8.85439e-02  2.38396e-02 
  8.97945e-02  2.11505e-02 
  9.10451e-02  1.87522e-02 
  9.22957e-02  1.66239e-02 
  9.35464e-02  1.47452e-02 
  9.47970e-02  1.30965e-02 
  9.60476e-02  1.16588e-02 
  9.72982e-02  1.04136e-02 
  9.85489e-02  9.34327e-03 
  9.97995e-02  8.43101e-03 
  1.01050e-01  7.66076e-03 
  1.02301e-01  7.01731e-03 
  1.03551e-01  6.48635e-03 
  1.04802e-01  6.05441e-03 
  1.06053e-01  5.70894e-03 
  1.07303e-01  5.43824e-03 
  1.08554e-01  5.23152e-03 
  1.09805e-01  5.07882e-03 
  1.11055e-01  4.97105e-03 
  1.12306e-01  4.89994e-03 
  1.13556e-01  4.85804e-03 
  1.14807e-01  4.83865e-03 
  1.16058e-01  4.83582e-03 
  1.17308e-01  4.84431e-03 
  1.18559e-01  4.85955e-03 
  1.19810e-01  4.87759e-03 
  1.21060e-01  4.89509e-03 
  1.22311e-01  4.90925e-03 
  1.23561e-01  4.91779e-03 
  1.24812e-01  4.91888e-03 
  1.26063e-01  4.91114e-03 
  1.27313e-01  4.89357e-03 
  1.28564e-01  4.86550e-03 
  1.29815e-01  4.82659e-03 
  1.31065e-01  4.77676e-03 
  1.32316e-01  4.71619e-03 
  1.33566e-01  4.64523e-03 
  1.34817e-01  4.56441e-03 
  1.36068e-01  4.47441e-03 
  1.37318e-01  4.37600e-03 
  1.38569e-01  4.27006e-03 
  1.39820e-01  4.15752e-03 
  1.41070e-01  4.03935e-03 
  1.42321e-01  3.91652e-03 
  1.43571e-01  3.79004e-03 
  1.44822e-01  3.66087e-03 
  1.46073e-01  3.52996e-03 
  1.47323e-01  3.39824e-03 
  1.48574e-01  3.26654e-03 
  1.49825e-01  3.13569e-03 
  1.51075e-01  3.00643e-03 
  1.52326e-01  2.87943e-03 
  1.53576e-01  2.75531e-03 
  1.54827e-01  2.63459e-03 
  1.56078e-01  2.51774e-03 
  1.57328e-01  2.40516e-03 
  1.58579e-01  2.29717e-03 
  1.59830e-01  2.19401e-03 
  1.61080e-01  2.09589e-03 
  1.62331e-01  2.00292e-03 
  1.63581e-01  1.91516e-03 
  1.64832e-01  1.83265e-03 
  1.66083e-01  1.75533e-03 
  1.67333e-01  1.68314e-03 
  1.68584e-01  1.61595e-03 
  1.69835e-01  1.55362e-03 
  1.71085e-01  1.49595e-03 
  1.72336e-01  1.44274e-03 
  1.73586e-01  1.39377e-03 
  1.74837e-01  1.34878e-03 
  1.76088e-01  1.30753e-03 
  1.77338e-01  1.26975e-03 
  1.78589e-01  1.23517e-03 
  1.79840e-01  1.20353e-03 
  1.81090e-01  1.17456e-03 
  1.82341e-01  1.14800e-03 
  1.83591e-01  1.12360e-03 
  1.84842e-01  1.10110e-03 
  1.86093e-01  1.08029e-03 
  1.87343e-01  1.06093e-03 
  1.88594e-01  1.04282e-03 
  1.89845e-01  1.02577e-03 
  1.91095e-01  1.00959e-03 
  1.92346e-01  9.94124e-04 
  1.93596e-01  9.79226e-04 
  1.94847e-01  9.64762e-04 
  1.96098e-01  9.50612e-04 
  1.97348e-01  9.36676e-04 
  1.98599e-01  9.22863e-04 
  1.99850e-01  9.09099e-04 
  2.01100e-01  8.95321e-04 
  2.02351e-01  8.81478e-04 
  2.03602e-01  8.67531e-04 
  2.04852e-01  8.53452e-04 
  2.06103e-01  8.39219e-04 
  2.07353e-01  8.24822e-04 
  2.08604e-01  8.10258e-04 
  2.09855e-01  7.95528e-04 
  2.11105e-01  7.80642e-04 
  2.12356e-01  7.65613e-04 
  2.13607e-01  7.50459e-04 
  2.14857e-01  7.35200e-04 
  2.16108e-01  7.19861e-04 
  2.17358e-01  7.04468e-04 
  2.18609e-01  6.89047e-04 
  2.19860e-01  6.73626e-04 
  2.21110e-01  6.58235e-04 
  2.22361e-01  6.42901e-04 
  2.23612e-01  6.27652e-04 
  2.24862e-01  6.12516e-04 
  2.26113e-01  5.97519e-04 
  2.27363e-01  5.82686e-04 
  2.28614e-01  5.68040e-04 
  2.29865e-01  5.53603e-04 
  2.31115e-01  5.39395e-04 
  2.32366e-01  5.25434e-04 
  2.33617e-01  5.11736e-04 
  2.34867e-01  4.98316e-04 
  2.36118e-01  4.85186e-04 
  2.37368e-01  4.72357e-04 
  2.38619e-01  4.59838e-04 
  2.39870e-01  4.47635e-04 
  2.41120e-01  4.35754e-04 
  2.42371e-01  4.24197e-04 
  2.43622e-01  4.12968e-04 
  2.44872e-01  4.02067e-04 
  2.46123e-01  3.91493e-04 
  2.47373e-01  3.81243e-04 
  2.48624e-01  3.71315e-04 
  2.49875e-01  3.61705e-04 
  2.51125e-01  3.52407e-04 
  2.52376e-01  3.43416e-04 
  2.53627e-01  3.34724e-04 
  2.54877e-01  3.26326e-04 
  2.56128e-01  3.18212e-04 
  2.57378e-01  3.10375e-04 
  2.58629e-01  3.02807e-04 
  2.59880e-01  2.95498e-04 
  2.61130e-01  2.88441e-04 
  2.62381e-01  2.81627e-04 
  2.63632e-01  2.75046e-04 
  2.64882e-01  2.68690e-04 
  2.66133e-01  2.62550e-04 
  2.67383e-01  2.56618e-04 
  2.68634e-01  2.50886e-04 
  2.69885e-01  2.45347e-04 
  2.71135e-01  2.39991e-04 
  2.72386e-01  2.34813e-04 
  2.73637e-01  2.29804e-04 
  2.74887e-01  2.24960e-04 
  2.76138e-01  2.20273e-04 
  2.77388e-01  2.15737e-04 
  2.78639e-01  2.11348e-04 
  2.79890e-01  2.07099e-04 
  2.81140e-01  2.02987e-04 
  2.82391e-01  1.99006e-04 
  2.83642e-01  1.95153e-04 
  2.84892e-01  1.91424e-04 
  2.86143e-01  1.87816e-04 
  2.87393e-01  1.84324e-04 
  2.88644e-01  1.80946e-04 
  2.89895e-01  1.77679e-04 
  2.91145e-01  1.74521e-04 
  2.92396e-01  1.71468e-04 
  2.93647e-01  1.68519e-04 
  2.94897e-01  1.65670e-04 
  2.96148e-01  1.62919e-04 
  2.97398e-01  1.60265e-04 
  2.98649e-01  1.57704e-04 
  2.99900e-01  1.55235e-04 
  3.01150e-01  1.52855e-04 
  3.02401e-01  1.50562e-04 
  3.03652e-01  1.48353e-04 
  3.04902e-01  1.46226e-04 
  3.06153e-01  1.44177e-04 
  3.07404e-01  1.42206e-04 
  3.08654e-01  1.40308e-04 
  3.09905e-01  1.38481e-04 
  3.11155e-01  1.36723e-04 
  3.12406e-01  1.35029e-04 
  3.13657e-01  1.33399e-04 
  3.14907e-01  1.31827e-04 
  3.16158e-01  1.30312e-04 
  3.17409e-01  1.28850e-04 
  3.18659e-01  1.27439e-04 
  3.19910e-01  1.26076e-04 
  3.21160e-01  1.24756e-04 
  3.22411e-01  1.23479e-04 
  3.23662e-01  1.22240e-04 
  3.24912e-01  1.21038e-04 
  3.26163e-01  1.19869e-04 
  3.27414e-01  1.18730e-04 
  3.28664e-01  1.17621e-04 
  3.29915e-01  1.16538e-04 
  3.31165e-01  1.15479e-04 
  3.32416e-01  1.14442e-04 
  3.33667e-01  1.13425e-04 
  3.34917e-01  1.12427e-04 
  3.36168e-01  1.11446e-04 
  3.37419e-01  1.10480e-04 
  3.38669e-01  1.09529e-04 
  3.39920e-01  1.08591e-04 
  3.41170e-01  1.07665e-04 
  3.42421e-01  1.06751e-04 
  3.43672e-01  1.05847e-04 
  3.44922e-01  1.04953e-04 
  3.46173e-01  1.04069e-04 
  3.47424e-01  1.03193e-04 
  3.48674e-01  1.02326e-04 
  3.49925e-01  1.01467e-04 
  3.51175e-01  1.00616e-04 
  3.52426e-01  9.97725e-05 
  3.53677e-01  9.89367e-05 
  3.54927e-01  9.81083e-05 
  3.56178e-01  9.72871e-05 
  3.57429e-01  9.64730e-05 
  3.58679e-01  9.56659e-05 
  3.59930e-01  9.48656e-05 
  3.61180e-01  9.40719e-05 
  3.62431e-01  9.32848e-05 
  3.63682e-01  9.25039e-05 
  3.64932e-01  9.17292e-05 
  3.66183e-01  9.09603e-05 
  3.67434e-01  9.01971e-05 
  3.68684e-01  8.94393e-05 
  3.69935e-01  8.86866e-05 
  3.71185e-01  8.79388e-05 
  3.72436e-01  8.71955e-05 
  3.73687e-01  8.64565e-05 
  3.74937e-01  8.57214e-05 
  3.76188e-01  8.49901e-05 
  3.77439e-01  8.42621e-05 
  3.78689e-01  8.35373e-05 
  3.79940e-01  8.28154e-05 
  3.81190e-01  8.20962e-05 
  3.82441e-01  8.13794e-05 
  3.83692e-01  8.06648e-05 
  3.84942e-01  7.99525e-05 
  3.86193e-01  7.92421e-05 
  3.87444e-01  7.85338e-05 
  3.88694e-01  7.78274e-05 
  3.89945e-01  7.71229e-05 
  3.91195e-01  7.64203e-05 
  3.92446e-01  7.57198e-05 
  3.93697e-01  7.50215e-05 
  3.94947e-01  7.43254e-05 
  3.96198e-01  7.36318e-05 
  3.97449e-01  7.29408e-05 
  3.98699e-01  7.22527e-05 
  3.99950e-01  7.15677e-05 
  4.01201e-01  7.08860e-05 
  4.02451e-01  7.02078e-05 
  4.03702e-01  6.95336e-05 
  4.04952e-01  6.88634e-05 
  4.06203e-01  6.81976e-05 
  4.07454e-01  6.75365e-05 
  4.08704e-01  6.68802e-05 
  4.09955e-01  6.62291e-05 
  4.11206e-01  6.55833e-05 
  4.12456e-01  6.49431e-05 
  4.13707e-01  6.43086e-05 
  4.14957e-01  6.36800e-05 
  4.16208e-01  6.30574e-05 
  4.17459e-01  6.24410e-05 
  4.18709e-01  6.18309e-05 
  4.19960e-01  6.12271e-05 
  4.21211e-01  6.06297e-05 
  4.22461e-01  6.00388e-05 
  4.23712e-01  5.94543e-05 
  4.24962e-01  5.88763e-05 
  4.26213e-01  5.83047e-05 
  4.27464e-01  5.77395e-05 
  4.28714e-01  5.71807e-05 
  4.29965e-01  5.66282e-05 
  4.31216e-01  5.60821e-05 
  4.32466e-01  5.55421e-05 
  4.33717e-01  5.50083e-05 
  4.34967e-01  5.44806e-05 
  4.36218e-01  5.39590e-05 
  4.37469e-01  5.34433e-05 
  4.38719e-01  5.29336e-05 
  4.39970e-01  5.24297e-05 
  4.41221e-01  5.19317e-05 
  4.42471e-01  5.14396e-05 
  4.43722e-01  5.09531e-05 
  4.44972e-01  5.04725e-05 
  4.46223e-01  4.99976e-05 
  4.47474e-01  4.95284e-05 
  4.48724e-01  4.90648e-05 
  4.49975e-01  4.86070e-05 
  4.51226e-01  4.81549e-05 
  4.52476e-01  4.77084e-05 
  4.53727e-01  4.72676e-05 
  4.54977e-01  4.68324e-05 
  4.56228e-01  4.64029e-05 
  4.57479e-01  4.59789e-05 
  4.58729e-01  4.55605e-05 
  4.59980e-01  4.51476e-05 
  4.61231e-01  4.47402e-05 
  4.62481e-01  4.43382e-05 
  4.63732e-01  4.39416e-05 
  4.64982e-01  4.35502e-05 
  4.66233e-01  4.31640e-05 
  4.67484e-01  4.27829e-05 
  4.68734e-01  4.24068e-05 
  4.69985e-01  4.20355e-05 
  4.71236e-01  4.16690e-05 
  4.72486e-01  4.13071e-05 
  4.73737e-01  4.09497e-05 
  4.74987e-01  4.05967e-05 
  4.76238e-01  4.02479e-05 
  4.77489e-01  3.99031e-05 
  4.78739e-01  3.95624e-05 
  4.79990e-01  3.92254e-05 
  4.81241e-01  3.88922e-05 
  4.82491e-01  3.85626e-05 
  4.83742e-01  3.82365e-05 
  4.84992e-01  3.79138e-05 
  4.86243e-01  3.75944e-05 
  4.87494e-01  3.72783e-05 
  4.88744e-01  3.69653e-05 
  4.89995e-01  3.66556e-05 
  4.91246e-01  3.63490e-05 
  4.92496e-01  3.60455e-05 
  4.93747e-01  3.57451e-05 
  4.94997e-01  3.54479e-05 
  4.96248e-01  3.51539e-05 
  4.97499e-01  3.48632e-05 
  4.98749e-01  3.45757e-05 
  5.00000e-01  3.42916e-05 
