# Simulated SAS data with noise
# sigma generated using Sedlak et al, k=100000, c=0.55, https://doi.org/10.1107/S1600576717003077, and rebinned with 10 per bin)
# q            I            sigma       
  1.00000e-03  2.55210e-01  1.09220e-02 
  2.25063e-03  2.83556e-01  7.27439e-03 
  3.50125e-03  2.60451e-01  5.82381e-03 
  4.75188e-03  2.65200e-01  4.98864e-03 
  6.00251e-03  2.61780e-01  4.42661e-03 
  7.25313e-03  2.64405e-01  4.01349e-03 
  8.50376e-03  2.60278e-01  3.69191e-03 
  9.75439e-03  2.61791e-01  3.43125e-03 
  1.10050e-02  2.59658e-01  3.21349e-03 
  1.22556e-02  2.55559e-01  3.02724e-03 
  1.35063e-02  2.51405e-01  2.86491e-03 
  1.47569e-02  2.47843e-01  2.72124e-03 
  1.60075e-02  2.42239e-01  2.59243e-03 
  1.72581e-02  2.37323e-01  2.47569e-03 
  1.85088e-02  2.35592e-01  2.36889e-03 
  1.97594e-02  2.27896e-01  2.27041e-03 
  2.10100e-02  2.24612e-01  2.17896e-03 
  2.22607e-02  2.17974e-01  2.09352e-03 
  2.35113e-02  2.14227e-01  2.01327e-03 
  2.47619e-02  2.06479e-01  1.93755e-03 
  2.60125e-02  2.04030e-01  1.86580e-03 
  2.72632e-02  1.98728e-01  1.79757e-03 
  2.85138e-02  1.93611e-01  1.73247e-03 
  2.97644e-02  1.85857e-01  1.67019e-03 
  3.10150e-02  1.79264e-01  1.61045e-03 
  3.22657e-02  1.74891e-01  1.55302e-03 
  3.35163e-02  1.67836e-01  1.49770e-03 
  3.47669e-02  1.63126e-01  1.44433e-03 
  3.60175e-02  1.53843e-01  1.39276e-03 
  3.72682e-02  1.49750e-01  1.34287e-03 
  3.85188e-02  1.44647e-01  1.29453e-03 
  3.97694e-02  1.38982e-01  1.24767e-03 
  4.10201e-02  1.32549e-01  1.20219e-03 
  4.22707e-02  1.27506e-01  1.15802e-03 
  4.35213e-02  1.21743e-01  1.11511e-03 
  4.47719e-02  1.17545e-01  1.07339e-03 
  4.60226e-02  1.09219e-01  1.03282e-03 
  4.72732e-02  1.04634e-01  9.93352e-04 
  4.85238e-02  1.00678e-01  9.54951e-04 
  4.97744e-02  9.23806e-02  9.17582e-04 
  5.10251e-02  9.00909e-02  8.81218e-04 
  5.22757e-02  8.47339e-02  8.45831e-04 
  5.35263e-02  7.89708e-02  8.11398e-04 
  5.47769e-02  7.37510e-02  7.77898e-04 
  5.60276e-02  6.97892e-02  7.45315e-04 
  5.72782e-02  6.58939e-02  7.13629e-04 
  5.85288e-02  6.12319e-02  6.82828e-04 
  5.97794e-02  5.74714e-02  6.52897e-04 
  6.10301e-02  5.34854e-02  6.23824e-04 
  6.22807e-02  4.84060e-02  5.95599e-04 
  6.35313e-02  4.59183e-02  5.68211e-04 
  6.47820e-02  4.36432e-02  5.41650e-04 
  6.60326e-02  3.92971e-02  5.15909e-04 
  6.72832e-02  3.63878e-02  4.90978e-04 
  6.85338e-02  3.30052e-02  4.66852e-04 
  6.97845e-02  3.06493e-02  4.43522e-04 
  7.10351e-02  2.75553e-02  4.20981e-04 
  7.22857e-02  2.48940e-02  3.99225e-04 
  7.35363e-02  2.29415e-02  3.78247e-04 
  7.47870e-02  2.06519e-02  3.58040e-04 
  7.60376e-02  1.88347e-02  3.38601e-04 
  7.72882e-02  1.73024e-02  3.19924e-04 
  7.85388e-02  1.61104e-02  3.02005e-04 
  7.97895e-02  1.40263e-02  2.84839e-04 
  8.10401e-02  1.30015e-02  2.68423e-04 
  8.22907e-02  1.11254e-02  2.52752e-04 
  8.35414e-02  9.88158e-03  2.37824e-04 
  8.47920e-02  9.22225e-03  2.23636e-04 
  8.60426e-02  8.34914e-03  2.10186e-04 
  8.72932e-02  7.11724e-03  1.97471e-04 
  8.85439e-02  6.46077e-03  1.85489e-04 
  8.97945e-02  5.78235e-03  1.74239e-04 
  9.10451e-02  4.91551e-03  1.63720e-04 
  9.22957e-02  4.07084e-03  1.53928e-04 
  9.35464e-02  4.07761e-03  1.44860e-04 
  9.47970e-02  3.44030e-03  1.36513e-04 
  9.60476e-02  3.13648e-03  1.28879e-04 
  9.72982e-02  2.64134e-03  1.21949e-04 
  9.85489e-02  2.57995e-03  1.15711e-04 
  9.97995e-02  2.43938e-03  1.10146e-04 
  1.01050e-01  2.11057e-03  1.05233e-04 
  1.02301e-01  1.87541e-03  1.00942e-04 
  1.03551e-01  1.77054e-03  9.72388e-05 
  1.04802e-01  1.45043e-03  9.40827e-05 
  1.06053e-01  1.63116e-03  9.14280e-05 
  1.07303e-01  1.54473e-03  8.92251e-05 
  1.08554e-01  1.32098e-03  8.74216e-05 
  1.09805e-01  1.47690e-03  8.59640e-05 
  1.11055e-01  1.30749e-03  8.47997e-05 
  1.12306e-01  1.29002e-03  8.38778e-05 
  1.13556e-01  1.46902e-03  8.31507e-05 
  1.14807e-01  1.27454e-03  8.25748e-05 
  1.16058e-01  1.28159e-03  8.21110e-05 
  1.17308e-01  1.22463e-03  8.17249e-05 
  1.18559e-01  1.42326e-03  8.13868e-05 
  1.19810e-01  1.35722e-03  8.10717e-05 
  1.21060e-01  1.35842e-03  8.07585e-05 
  1.22311e-01  1.30932e-03  8.04304e-05 
  1.23561e-01  1.52429e-03  8.00737e-05 
  1.24812e-01  1.28288e-03  7.96781e-05 
  1.26063e-01  1.28158e-03  7.92357e-05 
  1.27313e-01  1.24589e-03  7.87412e-05 
  1.28564e-01  1.29991e-03  7.81911e-05 
  1.29815e-01  1.49529e-03  7.75838e-05 
  1.31065e-01  1.26312e-03  7.69189e-05 
  1.32316e-01  1.21974e-03  7.61975e-05 
  1.33566e-01  1.22313e-03  7.54215e-05 
  1.34817e-01  1.23671e-03  7.45937e-05 
  1.36068e-01  1.15886e-03  7.37175e-05 
  1.37318e-01  1.18311e-03  7.27971e-05 
  1.38569e-01  1.10371e-03  7.18367e-05 
  1.39820e-01  9.93193e-04  7.08411e-05 
  1.41070e-01  1.17059e-03  6.98152e-05 
  1.42321e-01  9.99996e-04  6.87643e-05 
  1.43571e-01  9.23241e-04  6.76933e-05 
  1.44822e-01  9.23050e-04  6.66074e-05 
  1.46073e-01  9.38242e-04  6.55119e-05 
  1.47323e-01  9.66930e-04  6.44116e-05 
  1.48574e-01  8.98019e-04  6.33114e-05 
  1.49825e-01  7.62638e-04  6.22160e-05 
  1.51075e-01  9.01539e-04  6.11298e-05 
  1.52326e-01  7.82289e-04  6.00570e-05 
  1.53576e-01  6.53842e-04  5.90016e-05 
  1.54827e-01  6.97705e-04  5.79671e-05 
  1.56078e-01  7.20650e-04  5.69567e-05 
  1.57328e-01  5.98762e-04  5.59735e-05 
  1.58579e-01  6.63383e-04  5.50199e-05 
  1.59830e-01  6.29133e-04  5.40982e-05 
  1.61080e-01  5.90641e-04  5.32102e-05 
  1.62331e-01  5.51773e-04  5.23572e-05 
  1.63581e-01  6.38733e-04  5.15404e-05 
  1.64832e-01  4.80970e-04  5.07604e-05 
  1.66083e-01  4.55044e-04  5.00176e-05 
  1.67333e-01  4.39741e-04  4.93119e-05 
  1.68584e-01  4.65741e-04  4.86430e-05 
  1.69835e-01  4.46720e-04  4.80104e-05 
  1.71085e-01  3.29300e-04  4.74129e-05 
  1.72336e-01  4.04707e-04  4.68497e-05 
  1.73586e-01  3.41415e-04  4.63192e-05 
  1.74837e-01  3.40619e-04  4.58199e-05 
  1.76088e-01  4.03070e-04  4.53503e-05 
  1.77338e-01  2.78423e-04  4.49084e-05 
  1.78589e-01  3.20610e-04  4.44924e-05 
  1.79840e-01  3.49611e-04  4.41005e-05 
  1.81090e-01  3.22166e-04  4.37305e-05 
  1.82341e-01  3.13975e-04  4.33808e-05 
  1.83591e-01  3.43963e-04  4.30492e-05 
  1.84842e-01  2.93181e-04  4.27340e-05 
  1.86093e-01  3.70585e-04  4.24335e-05 
  1.87343e-01  3.32733e-04  4.21458e-05 
  1.88594e-01  3.07186e-04  4.18695e-05 
  1.89845e-01  2.80375e-04  4.16029e-05 
  1.91095e-01  2.90886e-04  4.13447e-05 
  1.92346e-01  1.59320e-04  4.10937e-05 
  1.93596e-01  2.65599e-04  4.08487e-05 
  1.94847e-01  2.77383e-04  4.06087e-05 
  1.96098e-01  2.60607e-04  4.03727e-05 
  1.97348e-01  2.27256e-04  4.01399e-05 
  1.98599e-01  2.20513e-04  3.99096e-05 
  1.99850e-01  1.56823e-04  3.96813e-05 
  2.01100e-01  2.27814e-04  3.94544e-05 
  2.02351e-01  2.07902e-04  3.92286e-05 
  2.03602e-01  2.36556e-04  3.90034e-05 
  2.04852e-01  2.52394e-04  3.87788e-05 
  2.06103e-01  1.40344e-04  3.85544e-05 
  2.07353e-01  1.71519e-04  3.83302e-05 
  2.08604e-01  1.80233e-04  3.81061e-05 
  2.09855e-01  2.16536e-04  3.78822e-05 
  2.11105e-01  1.63845e-04  3.76585e-05 
  2.12356e-01  2.46187e-04  3.74350e-05 
  2.13607e-01  1.71155e-04  3.72118e-05 
  2.14857e-01  2.10839e-04  3.69892e-05 
  2.16108e-01  1.84561e-04  3.67672e-05 
  2.17358e-01  1.49126e-04  3.65460e-05 
  2.18609e-01  2.11335e-04  3.63258e-05 
  2.19860e-01  1.81649e-04  3.61068e-05 
  2.21110e-01  1.87183e-04  3.58892e-05 
  2.22361e-01  2.02741e-04  3.56732e-05 
  2.23612e-01  1.29421e-04  3.54589e-05 
  2.24862e-01  1.46445e-04  3.52466e-05 
  2.26113e-01  1.62354e-04  3.50364e-05 
  2.27363e-01  1.47629e-04  3.48285e-05 
  2.28614e-01  1.49021e-04  3.46231e-05 
  2.29865e-01  1.24865e-04  3.44203e-05 
  2.31115e-01  1.52105e-04  3.42202e-05 
  2.32366e-01  1.02637e-04  3.40229e-05 
  2.33617e-01  1.64686e-04  3.38286e-05 
  2.34867e-01  9.51597e-05  3.36374e-05 
  2.36118e-01  8.93536e-05  3.34493e-05 
  2.37368e-01  1.37502e-04  3.32645e-05 
  2.38619e-01  9.17529e-05  3.30829e-05 
  2.39870e-01  1.55100e-04  3.29045e-05 
  2.41120e-01  5.58755e-05  3.27295e-05 
  2.42371e-01  7.91638e-05  3.25579e-05 
  2.43622e-01  1.32380e-04  3.23895e-05 
  2.44872e-01  1.16644e-04  3.22245e-05 
  2.46123e-01  3.65216e-05  3.20628e-05 
  2.47373e-01  8.17436e-05  3.19044e-05 
  2.48624e-01  1.34770e-04  3.17492e-05 
  2.49875e-01  1.10764e-04  3.15973e-05 
  2.51125e-01  3.40693e-05  3.14484e-05 
  2.52376e-01  1.31774e-04  3.13027e-05 
  2.53627e-01  3.27648e-05  3.11600e-05 
  2.54877e-01  1.69853e-04  3.10202e-05 
  2.56128e-01  8.45383e-05  3.08834e-05 
  2.57378e-01  1.53751e-04  3.07493e-05 
  2.58629e-01  1.17002e-05  3.06180e-05 
  2.59880e-01  9.66490e-05  3.04894e-05 
  2.61130e-01  6.22540e-05  3.03633e-05 
  2.62381e-01  1.20848e-04  3.02397e-05 
  2.63632e-01  2.62964e-05  3.01186e-05 
  2.64882e-01  1.07424e-04  2.99998e-05 
  2.66133e-01  7.92079e-05  2.98833e-05 
  2.67383e-01  6.16061e-05  2.97689e-05 
  2.68634e-01  6.08290e-05  2.96567e-05 
  2.69885e-01  5.18319e-05  2.95466e-05 
  2.71135e-01  3.77473e-05  2.94384e-05 
  2.72386e-01  1.00600e-04  2.93322e-05 
  2.73637e-01  5.91669e-06  2.92278e-05 
  2.74887e-01  -4.47713e-06 2.91252e-05 
  2.76138e-01  3.50045e-05  2.90244e-05 
  2.77388e-01  4.11466e-05  2.89252e-05 
  2.78639e-01  4.65835e-05  2.88277e-05 
  2.79890e-01  1.62659e-05  2.87318e-05 
  2.81140e-01  2.15944e-05  2.86374e-05 
  2.82391e-01  7.49268e-05  2.85445e-05 
  2.83642e-01  7.53362e-05  2.84531e-05 
  2.84892e-01  4.43783e-05  2.83631e-05 
  2.86143e-01  6.69888e-05  2.82745e-05 
  2.87393e-01  6.15877e-05  2.81872e-05 
  2.88644e-01  9.34154e-05  2.81013e-05 
  2.89895e-01  4.76413e-05  2.80167e-05 
  2.91145e-01  -8.30871e-06 2.79333e-05 
  2.92396e-01  4.27513e-05  2.78512e-05 
  2.93647e-01  5.18202e-05  2.77703e-05 
  2.94897e-01  4.43966e-05  2.76906e-05 
  2.96148e-01  5.34317e-05  2.76120e-05 
  2.97398e-01  1.16731e-05  2.75346e-05 
  2.98649e-01  1.45757e-05  2.74583e-05 
  2.99900e-01  4.67046e-05  2.73831e-05 
  3.01150e-01  9.51746e-05  2.73089e-05 
  3.02401e-01  2.40950e-05  2.72358e-05 
  3.03652e-01  4.47794e-05  2.71637e-05 
  3.04902e-01  4.48569e-05  2.70926e-05 
  3.06153e-01  6.72722e-05  2.70225e-05 
  3.07404e-01  3.29739e-05  2.69533e-05 
  3.08654e-01  2.42174e-05  2.68850e-05 
  3.09905e-01  9.25592e-05  2.68176e-05 
  3.11155e-01  3.15156e-06  2.67511e-05 
  3.12406e-01  6.97504e-06  2.66854e-05 
  3.13657e-01  4.20073e-05  2.66205e-05 
  3.14907e-01  6.76651e-05  2.65564e-05 
  3.16158e-01  5.21280e-05  2.64930e-05 
  3.17409e-01  6.90289e-07  2.64304e-05 
  3.18659e-01  9.66437e-06  2.63685e-05 
  3.19910e-01  2.35168e-05  2.63073e-05 
  3.21160e-01  2.73953e-05  2.62467e-05 
  3.22411e-01  4.58086e-05  2.61867e-05 
  3.23662e-01  5.63241e-05  2.61273e-05 
  3.24912e-01  3.59587e-05  2.60686e-05 
  3.26163e-01  4.23096e-05  2.60103e-05 
  3.27414e-01  3.44247e-05  2.59526e-05 
  3.28664e-01  1.51273e-05  2.58954e-05 
  3.29915e-01  8.04763e-05  2.58387e-05 
  3.31165e-01  1.72374e-05  2.57825e-05 
  3.32416e-01  3.10384e-05  2.57267e-05 
  3.33667e-01  2.90737e-05  2.56714e-05 
  3.34917e-01  5.60504e-05  2.56165e-05 
  3.36168e-01  3.99236e-05  2.55620e-05 
  3.37419e-01  6.87291e-05  2.55079e-05 
  3.38669e-01  4.81856e-05  2.54542e-05 
  3.39920e-01  -2.08163e-05 2.54009e-05 
  3.41170e-01  3.09392e-05  2.53479e-05 
  3.42421e-01  2.39493e-05  2.52953e-05 
  3.43672e-01  7.92195e-05  2.52430e-05 
  3.44922e-01  5.98799e-06  2.51911e-05 
  3.46173e-01  5.39643e-05  2.51395e-05 
  3.47424e-01  8.71634e-06  2.50882e-05 
  3.48674e-01  3.31560e-05  2.50372e-05 
  3.49925e-01  4.19682e-05  2.49866e-05 
  3.51175e-01  2.13315e-06  2.49363e-05 
  3.52426e-01  1.33518e-05  2.48863e-05 
  3.53677e-01  2.55593e-05  2.48366e-05 
  3.54927e-01  4.19520e-05  2.47872e-05 
  3.56178e-01  1.96196e-05  2.47381e-05 
  3.57429e-01  2.84559e-05  2.46893e-05 
  3.58679e-01  6.25394e-05  2.46407e-05 
  3.59930e-01  1.01479e-05  2.45925e-05 
  3.61180e-01  2.02610e-05  2.45446e-05 
  3.62431e-01  4.76780e-05  2.44969e-05 
  3.63682e-01  5.14791e-05  2.44495e-05 
  3.64932e-01  5.42722e-05  2.44024e-05 
  3.66183e-01  2.21616e-05  2.43556e-05 
  3.67434e-01  4.46838e-06  2.43090e-05 
  3.68684e-01  6.02290e-06  2.42627e-05 
  3.69935e-01  6.65989e-05  2.42166e-05 
  3.71185e-01  1.96507e-05  2.41708e-05 
  3.72436e-01  -1.89695e-05 2.41253e-05 
  3.73687e-01  2.40061e-05  2.40800e-05 
  3.74937e-01  2.71154e-06  2.40349e-05 
  3.76188e-01  -2.09111e-05 2.39901e-05 
  3.77439e-01  2.56378e-05  2.39455e-05 
  3.78689e-01  2.04101e-05  2.39012e-05 
  3.79940e-01  -2.76956e-05 2.38571e-05 
  3.81190e-01  4.84142e-05  2.38132e-05 
  3.82441e-01  2.26263e-05  2.37695e-05 
  3.83692e-01  4.02549e-05  2.37261e-05 
  3.84942e-01  6.80634e-05  2.36829e-05 
  3.86193e-01  7.80321e-06  2.36399e-05 
  3.87444e-01  6.01288e-05  2.35971e-05 
  3.88694e-01  6.53048e-06  2.35545e-05 
  3.89945e-01  1.17896e-05  2.35121e-05 
  3.91195e-01  2.54857e-05  2.34699e-05 
  3.92446e-01  5.58534e-05  2.34280e-05 
  3.93697e-01  6.91075e-06  2.33862e-05 
  3.94947e-01  6.53153e-06  2.33446e-05 
  3.96198e-01  3.27185e-05  2.33033e-05 
  3.97449e-01  -1.12010e-05 2.32622e-05 
  3.98699e-01  4.36779e-07  2.32212e-05 
  3.99950e-01  2.43893e-05  2.31805e-05 
  4.01201e-01  2.07914e-05  2.31399e-05 
  4.02451e-01  2.58880e-05  2.30996e-05 
  4.03702e-01  1.36675e-05  2.30595e-05 
  4.04952e-01  3.40553e-05  2.30196e-05 
  4.06203e-01  3.10535e-05  2.29799e-05 
  4.07454e-01  2.89955e-05  2.29404e-05 
  4.08704e-01  3.88086e-05  2.29011e-05 
  4.09955e-01  -4.39082e-06 2.28620e-05 
  4.11206e-01  -1.43182e-06 2.28231e-05 
  4.12456e-01  1.23639e-05  2.27844e-05 
  4.13707e-01  1.47550e-05  2.27459e-05 
  4.14957e-01  4.61944e-06  2.27076e-05 
  4.16208e-01  1.71702e-05  2.26696e-05 
  4.17459e-01  2.65937e-05  2.26317e-05 
  4.18709e-01  5.99235e-05  2.25940e-05 
  4.19960e-01  5.57266e-05  2.25566e-05 
  4.21211e-01  3.49431e-05  2.25193e-05 
  4.22461e-01  5.92501e-05  2.24822e-05 
  4.23712e-01  2.89492e-05  2.24454e-05 
  4.24962e-01  2.76028e-05  2.24087e-05 
  4.26213e-01  2.61130e-05  2.23722e-05 
  4.27464e-01  -9.57060e-06 2.23360e-05 
  4.28714e-01  1.41426e-05  2.22999e-05 
  4.29965e-01  -2.49011e-05 2.22640e-05 
  4.31216e-01  -6.69179e-06 2.22283e-05 
  4.32466e-01  1.48605e-06  2.21928e-05 
  4.33717e-01  3.17151e-06  2.21574e-05 
  4.34967e-01  7.13371e-06  2.21223e-05 
  4.36218e-01  1.41578e-05  2.20873e-05 
  4.37469e-01  1.96097e-05  2.20526e-05 
  4.38719e-01  4.96234e-05  2.20180e-05 
  4.39970e-01  6.56048e-05  2.19835e-05 
  4.41221e-01  4.09691e-05  2.19493e-05 
  4.42471e-01  -1.79258e-05 2.19152e-05 
  4.43722e-01  1.26894e-05  2.18813e-05 
  4.44972e-01  -1.41895e-05 2.18476e-05 
  4.46223e-01  -1.79324e-05 2.18141e-05 
  4.47474e-01  -1.09388e-05 2.17807e-05 
  4.48724e-01  -3.33779e-06 2.17475e-05 
  4.49975e-01  3.22626e-05  2.17145e-05 
  4.51226e-01  2.85781e-05  2.16816e-05 
  4.52476e-01  1.00134e-07  2.16489e-05 
  4.53727e-01  6.03929e-06  2.16164e-05 
  4.54977e-01  3.53836e-05  2.15840e-05 
  4.56228e-01  3.89333e-05  2.15518e-05 
  4.57479e-01  6.38484e-06  2.15198e-05 
  4.58729e-01  4.19579e-05  2.14879e-05 
  4.59980e-01  2.18099e-05  2.14562e-05 
  4.61231e-01  5.52906e-05  2.14246e-05 
  4.62481e-01  2.26122e-05  2.13932e-05 
  4.63732e-01  6.29601e-06  2.13619e-05 
  4.64982e-01  -5.92588e-06 2.13308e-05 
  4.66233e-01  8.04413e-06  2.12999e-05 
  4.67484e-01  6.14933e-06  2.12691e-05 
  4.68734e-01  1.25531e-05  2.12385e-05 
  4.69985e-01  3.53014e-05  2.12080e-05 
  4.71236e-01  -1.77134e-06 2.11776e-05 
  4.72486e-01  -1.71273e-06 2.11474e-05 
  4.73737e-01  1.43331e-05  2.11173e-05 
  4.74987e-01  -1.63971e-05 2.10874e-05 
  4.76238e-01  1.78014e-05  2.10577e-05 
  4.77489e-01  5.18508e-05  2.10280e-05 
  4.78739e-01  -1.14483e-05 2.09985e-05 
  4.79990e-01  5.98611e-06  2.09691e-05 
  4.81241e-01  3.31251e-05  2.09399e-05 
  4.82491e-01  2.10133e-05  2.09108e-05 
  4.83742e-01  -1.07454e-05 2.08818e-05 
  4.84992e-01  -1.12693e-05 2.08530e-05 
  4.86243e-01  1.25266e-05  2.08243e-05 
  4.87494e-01  5.26978e-06  2.07957e-05 
  4.88744e-01  7.11454e-06  2.07672e-05 
  4.89995e-01  -8.47999e-06 2.07389e-05 
  4.91246e-01  -1.65302e-05 2.07107e-05 
  4.92496e-01  1.89418e-05  2.06826e-05 
  4.93747e-01  1.94561e-05  2.06546e-05 
  4.94997e-01  7.54255e-06  2.06268e-05 
  4.96248e-01  1.74986e-05  2.05991e-05 
  4.97499e-01  3.28121e-05  2.05715e-05 
  4.98749e-01  -9.08257e-06 2.05440e-05 
  5.00000e-01  8.06325e-06  2.05166e-05 
