# r                 p(r)             
  6.07459e-01       1.19197e-05      
  1.82238e+00       7.49043e-05      
  3.03730e+00       1.99399e-04      
  4.25222e+00       3.78438e-04      
  5.46713e+00       6.10973e-04      
  6.68205e+00       8.91994e-04      
  7.89697e+00       1.21339e-03      
  9.11189e+00       1.57613e-03      
  1.03268e+01       1.97314e-03      
  1.15417e+01       2.40151e-03      
  1.27566e+01       2.85258e-03      
  1.39716e+01       3.32956e-03      
  1.51865e+01       3.82464e-03      
  1.64014e+01       4.33300e-03      
  1.76163e+01       4.85208e-03      
  1.88312e+01       5.37711e-03      
  2.00462e+01       5.90493e-03      
  2.12611e+01       6.43225e-03      
  2.24760e+01       6.95471e-03      
  2.36909e+01       7.46987e-03      
  2.49058e+01       7.97577e-03      
  2.61208e+01       8.47149e-03      
  2.73357e+01       8.94737e-03      
  2.85506e+01       9.40736e-03      
  2.97655e+01       9.84373e-03      
  3.09804e+01       1.02586e-02      
  3.21953e+01       1.06422e-02      
  3.34103e+01       1.09985e-02      
  3.46252e+01       1.13184e-02      
  3.58401e+01       1.16076e-02      
  3.70550e+01       1.18574e-02      
  3.82699e+01       1.20676e-02      
  3.94849e+01       1.22429e-02      
  4.06998e+01       1.23787e-02      
  4.19147e+01       1.24730e-02      
  4.31296e+01       1.25257e-02      
  4.43445e+01       1.25358e-02      
  4.55595e+01       1.25119e-02      
  4.67744e+01       1.24472e-02      
  4.79893e+01       1.23441e-02      
  4.92042e+01       1.22031e-02      
  5.04191e+01       1.20266e-02      
  5.16340e+01       1.18098e-02      
  5.28490e+01       1.15691e-02      
  5.40639e+01       1.12902e-02      
  5.52788e+01       1.09790e-02      
  5.64937e+01       1.06445e-02      
  5.77086e+01       1.02796e-02      
  5.89236e+01       9.89443e-03      
  6.01385e+01       9.49154e-03      
  6.13534e+01       9.05769e-03      
  6.25683e+01       8.62760e-03      
  6.37832e+01       8.16774e-03      
  6.49982e+01       7.70878e-03      
  6.62131e+01       7.24543e-03      
  6.74280e+01       6.77433e-03      
  6.86429e+01       6.30626e-03      
  6.98578e+01       5.84638e-03      
  7.10728e+01       5.38902e-03      
  7.22877e+01       4.94545e-03      
  7.35026e+01       4.51072e-03      
  7.47175e+01       4.09705e-03      
  7.59324e+01       3.69718e-03      
  7.71473e+01       3.31868e-03      
  7.83623e+01       2.96162e-03      
  7.95772e+01       2.62546e-03      
  8.07921e+01       2.31630e-03      
  8.20070e+01       2.02577e-03      
  8.32219e+01       1.76368e-03      
  8.44369e+01       1.52201e-03      
  8.56518e+01       1.30664e-03      
  8.68667e+01       1.11188e-03      
  8.80816e+01       9.39134e-04      
  8.92965e+01       7.87810e-04      
  9.05115e+01       6.54407e-04      
  9.17264e+01       5.39599e-04      
  9.29413e+01       4.40647e-04      
  9.41562e+01       3.56666e-04      
  9.53711e+01       2.85217e-04      
  9.65860e+01       2.26466e-04      
  9.78010e+01       1.76498e-04      
  9.90159e+01       1.36906e-04      
  1.00231e+02       1.04152e-04      
  1.01446e+02       7.79881e-05      
  1.02661e+02       5.78009e-05      
  1.03876e+02       4.12930e-05      
  1.05090e+02       2.94711e-05      
  1.06305e+02       1.99145e-05      
  1.07520e+02       1.33110e-05      
  1.08735e+02       8.40465e-06      
  1.09950e+02       4.96276e-06      
  1.11165e+02       2.80182e-06      
  1.12380e+02       1.31252e-06      
  1.13595e+02       5.52176e-07      
  1.14810e+02       1.42216e-07      
  1.16025e+02       3.26517e-09      
  1.17240e+02       0.00000e+00      
  1.18455e+02       0.00000e+00      
  1.19670e+02       0.00000e+00      
  1.20884e+02       0.00000e+00      
