# r                 p(r)             
  1.04957e+00       4.41332e-06      
  3.14870e+00       3.22559e-05      
  5.24783e+00       8.40233e-05      
  7.34696e+00       1.60567e-04      
  9.44609e+00       2.65604e-04      
  1.15452e+01       3.88480e-04      
  1.36444e+01       5.29366e-04      
  1.57435e+01       6.92534e-04      
  1.78426e+01       8.72582e-04      
  1.99417e+01       1.07668e-03      
  2.20409e+01       1.28627e-03      
  2.41400e+01       1.51405e-03      
  2.62391e+01       1.76012e-03      
  2.83383e+01       2.01785e-03      
  3.04374e+01       2.27441e-03      
  3.25365e+01       2.54853e-03      
  3.46357e+01       2.82915e-03      
  3.67348e+01       3.11828e-03      
  3.88339e+01       3.41073e-03      
  4.09331e+01       3.70520e-03      
  4.30322e+01       4.01712e-03      
  4.51313e+01       4.32700e-03      
  4.72304e+01       4.62560e-03      
  4.93296e+01       4.93271e-03      
  5.14287e+01       5.24723e-03      
  5.35278e+01       5.54588e-03      
  5.56270e+01       5.84007e-03      
  5.77261e+01       6.14203e-03      
  5.98252e+01       6.42243e-03      
  6.19244e+01       6.71299e-03      
  6.40235e+01       6.96565e-03      
  6.61226e+01       7.23793e-03      
  6.82218e+01       7.51077e-03      
  7.03209e+01       7.78496e-03      
  7.24200e+01       7.99944e-03      
  7.45191e+01       8.22659e-03      
  7.66183e+01       8.46471e-03      
  7.87174e+01       8.64759e-03      
  8.08165e+01       8.86284e-03      
  8.29157e+01       9.02525e-03      
  8.50148e+01       9.18453e-03      
  8.71139e+01       9.33339e-03      
  8.92131e+01       9.46599e-03      
  9.13122e+01       9.61576e-03      
  9.34113e+01       9.69542e-03      
  9.55105e+01       9.78076e-03      
  9.76096e+01       9.82054e-03      
  9.97087e+01       9.88871e-03      
  1.01808e+02       9.87750e-03      
  1.03907e+02       9.88412e-03      
  1.06006e+02       9.92528e-03      
  1.08105e+02       9.90014e-03      
  1.10204e+02       9.80866e-03      
  1.12304e+02       9.79496e-03      
  1.14403e+02       9.72452e-03      
  1.16502e+02       9.61606e-03      
  1.18601e+02       9.49156e-03      
  1.20700e+02       9.38173e-03      
  1.22799e+02       9.23671e-03      
  1.24898e+02       9.09183e-03      
  1.26997e+02       8.89021e-03      
  1.29097e+02       8.69132e-03      
  1.31196e+02       8.47073e-03      
  1.33295e+02       8.25532e-03      
  1.35394e+02       8.00218e-03      
  1.37493e+02       7.76202e-03      
  1.39592e+02       7.48943e-03      
  1.41691e+02       7.21473e-03      
  1.43790e+02       6.92706e-03      
  1.45890e+02       6.62685e-03      
  1.47989e+02       6.30672e-03      
  1.50088e+02       5.98816e-03      
  1.52187e+02       5.67144e-03      
  1.54286e+02       5.34305e-03      
  1.56385e+02       5.02048e-03      
  1.58484e+02       4.67268e-03      
  1.60584e+02       4.32307e-03      
  1.62683e+02       3.99764e-03      
  1.64782e+02       3.65370e-03      
  1.66881e+02       3.32897e-03      
  1.68980e+02       2.99593e-03      
  1.71079e+02       2.66937e-03      
  1.73178e+02       2.36047e-03      
  1.75277e+02       2.05648e-03      
  1.77377e+02       1.76190e-03      
  1.79476e+02       1.48792e-03      
  1.81575e+02       1.22116e-03      
  1.83674e+02       9.78982e-04      
  1.85773e+02       7.62729e-04      
  1.87872e+02       5.52454e-04      
  1.89971e+02       3.83138e-04      
  1.92070e+02       2.41648e-04      
  1.94170e+02       1.32307e-04      
  1.96269e+02       5.62427e-05      
  1.98368e+02       1.29922e-05      
  2.00467e+02       2.16794e-07      
  2.02566e+02       0.00000e+00      
  2.04665e+02       0.00000e+00      
  2.06764e+02       0.00000e+00      
  2.08864e+02       0.00000e+00      
