# Theoretical SAS data
# q            I           
  1.00000e-03  9.99141e-01 
  2.25063e-03  9.95656e-01 
  3.50125e-03  9.89526e-01 
  4.75188e-03  9.80808e-01 
  6.00251e-03  9.69585e-01 
  7.25313e-03  9.55962e-01 
  8.50376e-03  9.40069e-01 
  9.75439e-03  9.22051e-01 
  1.10050e-02  9.02075e-01 
  1.22556e-02  8.80322e-01 
  1.35063e-02  8.56987e-01 
  1.47569e-02  8.32278e-01 
  1.60075e-02  8.06407e-01 
  1.72581e-02  7.79595e-01 
  1.85088e-02  7.52066e-01 
  1.97594e-02  7.24041e-01 
  2.10100e-02  6.95741e-01 
  2.22607e-02  6.67381e-01 
  2.35113e-02  6.39168e-01 
  2.47619e-02  6.11300e-01 
  2.60125e-02  5.83962e-01 
  2.72632e-02  5.57324e-01 
  2.85138e-02  5.31542e-01 
  2.97644e-02  5.06754e-01 
  3.10150e-02  4.83080e-01 
  3.22657e-02  4.60620e-01 
  3.35163e-02  4.39455e-01 
  3.47669e-02  4.19648e-01 
  3.60175e-02  4.01239e-01 
  3.72682e-02  3.84251e-01 
  3.85188e-02  3.68688e-01 
  3.97694e-02  3.54534e-01 
  4.10201e-02  3.41759e-01 
  4.22707e-02  3.30315e-01 
  4.35213e-02  3.20142e-01 
  4.47719e-02  3.11167e-01 
  4.60226e-02  3.03306e-01 
  4.72732e-02  2.96465e-01 
  4.85238e-02  2.90546e-01 
  4.97744e-02  2.85443e-01 
  5.10251e-02  2.81048e-01 
  5.22757e-02  2.77252e-01 
  5.35263e-02  2.73945e-01 
  5.47769e-02  2.71021e-01 
  5.60276e-02  2.68377e-01 
  5.72782e-02  2.65913e-01 
  5.85288e-02  2.63538e-01 
  5.97794e-02  2.61166e-01 
  6.10301e-02  2.58722e-01 
  6.22807e-02  2.56137e-01 
  6.35313e-02  2.53353e-01 
  6.47820e-02  2.50322e-01 
  6.60326e-02  2.47005e-01 
  6.72832e-02  2.43374e-01 
  6.85338e-02  2.39410e-01 
  6.97845e-02  2.35102e-01 
  7.10351e-02  2.30451e-01 
  7.22857e-02  2.25464e-01 
  7.35363e-02  2.20155e-01 
  7.47870e-02  2.14546e-01 
  7.60376e-02  2.08664e-01 
  7.72882e-02  2.02543e-01 
  7.85388e-02  1.96216e-01 
  7.97895e-02  1.89725e-01 
  8.10401e-02  1.83108e-01 
  8.22907e-02  1.76409e-01 
  8.35414e-02  1.69670e-01 
  8.47920e-02  1.62932e-01 
  8.60426e-02  1.56234e-01 
  8.72932e-02  1.49616e-01 
  8.85439e-02  1.43111e-01 
  8.97945e-02  1.36753e-01 
  9.10451e-02  1.30569e-01 
  9.22957e-02  1.24585e-01 
  9.35464e-02  1.18820e-01 
  9.47970e-02  1.13291e-01 
  9.60476e-02  1.08010e-01 
  9.72982e-02  1.02985e-01 
  9.85489e-02  9.82200e-02 
  9.97995e-02  9.37155e-02 
  1.01050e-01  8.94683e-02 
  1.02301e-01  8.54719e-02 
  1.03551e-01  8.17172e-02 
  1.04802e-01  7.81927e-02 
  1.06053e-01  7.48850e-02 
  1.07303e-01  7.17790e-02 
  1.08554e-01  6.88587e-02 
  1.09805e-01  6.61073e-02 
  1.11055e-01  6.35077e-02 
  1.12306e-01  6.10429e-02 
  1.13556e-01  5.86963e-02 
  1.14807e-01  5.64520e-02 
  1.16058e-01  5.42951e-02 
  1.17308e-01  5.22120e-02 
  1.18559e-01  5.01903e-02 
  1.19810e-01  4.82192e-02 
  1.21060e-01  4.62896e-02 
  1.22311e-01  4.43937e-02 
  1.23561e-01  4.25258e-02 
  1.24812e-01  4.06815e-02 
  1.26063e-01  3.88578e-02 
  1.27313e-01  3.70536e-02 
  1.28564e-01  3.52685e-02 
  1.29815e-01  3.35038e-02 
  1.31065e-01  3.17614e-02 
  1.32316e-01  3.00443e-02 
  1.33566e-01  2.83559e-02 
  1.34817e-01  2.67004e-02 
  1.36068e-01  2.50820e-02 
  1.37318e-01  2.35051e-02 
  1.38569e-01  2.19743e-02 
  1.39820e-01  2.04937e-02 
  1.41070e-01  1.90675e-02 
  1.42321e-01  1.76991e-02 
  1.43571e-01  1.63919e-02 
  1.44822e-01  1.51483e-02 
  1.46073e-01  1.39705e-02 
  1.47323e-01  1.28598e-02 
  1.48574e-01  1.18170e-02 
  1.49825e-01  1.08423e-02 
  1.51075e-01  9.93520e-03 
  1.52326e-01  9.09479e-03 
  1.53576e-01  8.31954e-03 
  1.54827e-01  7.60745e-03 
  1.56078e-01  6.95617e-03 
  1.57328e-01  6.36297e-03 
  1.58579e-01  5.82490e-03 
  1.59830e-01  5.33880e-03 
  1.61080e-01  4.90136e-03 
  1.62331e-01  4.50926e-03 
  1.63581e-01  4.15915e-03 
  1.64832e-01  3.84772e-03 
  1.66083e-01  3.57181e-03 
  1.67333e-01  3.32836e-03 
  1.68584e-01  3.11450e-03 
  1.69835e-01  2.92758e-03 
  1.71085e-01  2.76513e-03 
  1.72336e-01  2.62493e-03 
  1.73586e-01  2.50499e-03 
  1.74837e-01  2.40351e-03 
  1.76088e-01  2.31895e-03 
  1.77338e-01  2.24991e-03 
  1.78589e-01  2.19521e-03 
  1.79840e-01  2.15381e-03 
  1.81090e-01  2.12478e-03 
  1.82341e-01  2.10734e-03 
  1.83591e-01  2.10075e-03 
  1.84842e-01  2.10435e-03 
  1.86093e-01  2.11751e-03 
  1.87343e-01  2.13962e-03 
  1.88594e-01  2.17006e-03 
  1.89845e-01  2.20821e-03 
  1.91095e-01  2.25342e-03 
  1.92346e-01  2.30500e-03 
  1.93596e-01  2.36225e-03 
  1.94847e-01  2.42439e-03 
  1.96098e-01  2.49065e-03 
  1.97348e-01  2.56022e-03 
  1.98599e-01  2.63226e-03 
  1.99850e-01  2.70593e-03 
  2.01100e-01  2.78037e-03 
  2.02351e-01  2.85476e-03 
  2.03602e-01  2.92829e-03 
  2.04852e-01  3.00017e-03 
  2.06103e-01  3.06969e-03 
  2.07353e-01  3.13615e-03 
  2.08604e-01  3.19896e-03 
  2.09855e-01  3.25757e-03 
  2.11105e-01  3.31153e-03 
  2.12356e-01  3.36046e-03 
  2.13607e-01  3.40405e-03 
  2.14857e-01  3.44209e-03 
  2.16108e-01  3.47446e-03 
  2.17358e-01  3.50108e-03 
  2.18609e-01  3.52197e-03 
  2.19860e-01  3.53721e-03 
  2.21110e-01  3.54692e-03 
  2.22361e-01  3.55129e-03 
  2.23612e-01  3.55052e-03 
  2.24862e-01  3.54485e-03 
  2.26113e-01  3.53454e-03 
  2.27363e-01  3.51986e-03 
  2.28614e-01  3.50109e-03 
  2.29865e-01  3.47846e-03 
  2.31115e-01  3.45225e-03 
  2.32366e-01  3.42267e-03 
  2.33617e-01  3.38992e-03 
  2.34867e-01  3.35420e-03 
  2.36118e-01  3.31564e-03 
  2.37368e-01  3.27439e-03 
  2.38619e-01  3.23052e-03 
  2.39870e-01  3.18413e-03 
  2.41120e-01  3.13526e-03 
  2.42371e-01  3.08395e-03 
  2.43622e-01  3.03022e-03 
  2.44872e-01  2.97410e-03 
  2.46123e-01  2.91558e-03 
  2.47373e-01  2.85470e-03 
  2.48624e-01  2.79146e-03 
  2.49875e-01  2.72592e-03 
  2.51125e-01  2.65812e-03 
  2.52376e-01  2.58813e-03 
  2.53627e-01  2.51604e-03 
  2.54877e-01  2.44198e-03 
  2.56128e-01  2.36610e-03 
  2.57378e-01  2.28855e-03 
  2.58629e-01  2.20955e-03 
  2.59880e-01  2.12930e-03 
  2.61130e-01  2.04805e-03 
  2.62381e-01  1.96606e-03 
  2.63632e-01  1.88361e-03 
  2.64882e-01  1.80098e-03 
  2.66133e-01  1.71848e-03 
  2.67383e-01  1.63639e-03 
  2.68634e-01  1.55503e-03 
  2.69885e-01  1.47467e-03 
  2.71135e-01  1.39561e-03 
  2.72386e-01  1.31811e-03 
  2.73637e-01  1.24243e-03 
  2.74887e-01  1.16880e-03 
  2.76138e-01  1.09742e-03 
  2.77388e-01  1.02850e-03 
  2.78639e-01  9.62175e-04 
  2.79890e-01  8.98595e-04 
  2.81140e-01  8.37866e-04 
  2.82391e-01  7.80069e-04 
  2.83642e-01  7.25263e-04 
  2.84892e-01  6.73482e-04 
  2.86143e-01  6.24738e-04 
  2.87393e-01  5.79024e-04 
  2.88644e-01  5.36316e-04 
  2.89895e-01  4.96573e-04 
  2.91145e-01  4.59743e-04 
  2.92396e-01  4.25763e-04 
  2.93647e-01  3.94563e-04 
  2.94897e-01  3.66065e-04 
  2.96148e-01  3.40189e-04 
  2.97398e-01  3.16852e-04 
  2.98649e-01  2.95970e-04 
  2.99900e-01  2.77461e-04 
  3.01150e-01  2.61241e-04 
  3.02401e-01  2.47230e-04 
  3.03652e-01  2.35349e-04 
  3.04902e-01  2.25521e-04 
  3.06153e-01  2.17671e-04 
  3.07404e-01  2.11723e-04 
  3.08654e-01  2.07606e-04 
  3.09905e-01  2.05244e-04 
  3.11155e-01  2.04563e-04 
  3.12406e-01  2.05487e-04 
  3.13657e-01  2.07939e-04 
  3.14907e-01  2.11838e-04 
  3.16158e-01  2.17100e-04 
  3.17409e-01  2.23639e-04 
  3.18659e-01  2.31364e-04 
  3.19910e-01  2.40183e-04 
  3.21160e-01  2.49999e-04 
  3.22411e-01  2.60712e-04 
  3.23662e-01  2.72221e-04 
  3.24912e-01  2.84423e-04 
  3.26163e-01  2.97215e-04 
  3.27414e-01  3.10493e-04 
  3.28664e-01  3.24154e-04 
  3.29915e-01  3.38099e-04 
  3.31165e-01  3.52229e-04 
  3.32416e-01  3.66451e-04 
  3.33667e-01  3.80676e-04 
  3.34917e-01  3.94820e-04 
  3.36168e-01  4.08805e-04 
  3.37419e-01  4.22558e-04 
  3.38669e-01  4.36014e-04 
  3.39920e-01  4.49115e-04 
  3.41170e-01  4.61807e-04 
  3.42421e-01  4.74044e-04 
  3.43672e-01  4.85785e-04 
  3.44922e-01  4.96995e-04 
  3.46173e-01  5.07642e-04 
  3.47424e-01  5.17699e-04 
  3.48674e-01  5.27144e-04 
  3.49925e-01  5.35954e-04 
  3.51175e-01  5.44110e-04 
  3.52426e-01  5.51593e-04 
  3.53677e-01  5.58386e-04 
  3.54927e-01  5.64470e-04 
  3.56178e-01  5.69827e-04 
  3.57429e-01  5.74437e-04 
  3.58679e-01  5.78281e-04 
  3.59930e-01  5.81338e-04 
  3.61180e-01  5.83586e-04 
  3.62431e-01  5.85005e-04 
  3.63682e-01  5.85573e-04 
  3.64932e-01  5.85269e-04 
  3.66183e-01  5.84076e-04 
  3.67434e-01  5.81977e-04 
  3.68684e-01  5.78960e-04 
  3.69935e-01  5.75015e-04 
  3.71185e-01  5.70138e-04 
  3.72436e-01  5.64333e-04 
  3.73687e-01  5.57605e-04 
  3.74937e-01  5.49971e-04 
  3.76188e-01  5.41452e-04 
  3.77439e-01  5.32080e-04 
  3.78689e-01  5.21890e-04 
  3.79940e-01  5.10929e-04 
  3.81190e-01  4.99250e-04 
  3.82441e-01  4.86911e-04 
  3.83692e-01  4.73981e-04 
  3.84942e-01  4.60529e-04 
  3.86193e-01  4.46633e-04 
  3.87444e-01  4.32373e-04 
  3.88694e-01  4.17832e-04 
  3.89945e-01  4.03092e-04 
  3.91195e-01  3.88238e-04 
  3.92446e-01  3.73352e-04 
  3.93697e-01  3.58514e-04 
  3.94947e-01  3.43799e-04 
  3.96198e-01  3.29280e-04 
  3.97449e-01  3.15021e-04 
  3.98699e-01  3.01080e-04 
  3.99950e-01  2.87510e-04 
  4.01201e-01  2.74352e-04 
  4.02451e-01  2.61643e-04 
  4.03702e-01  2.49410e-04 
  4.04952e-01  2.37670e-04 
  4.06203e-01  2.26434e-04 
  4.07454e-01  2.15707e-04 
  4.08704e-01  2.05483e-04 
  4.09955e-01  1.95755e-04 
  4.11206e-01  1.86506e-04 
  4.12456e-01  1.77719e-04 
  4.13707e-01  1.69370e-04 
  4.14957e-01  1.61436e-04 
  4.16208e-01  1.53892e-04 
  4.17459e-01  1.46713e-04 
  4.18709e-01  1.39874e-04 
  4.19960e-01  1.33353e-04 
  4.21211e-01  1.27132e-04 
  4.22461e-01  1.21194e-04 
  4.23712e-01  1.15526e-04 
  4.24962e-01  1.10122e-04 
  4.26213e-01  1.04977e-04 
  4.27464e-01  1.00092e-04 
  4.28714e-01  9.54736e-05 
  4.29965e-01  9.11299e-05 
  4.31216e-01  8.70743e-05 
  4.32466e-01  8.33225e-05 
  4.33717e-01  7.98930e-05 
  4.34967e-01  7.68056e-05 
  4.36218e-01  7.40810e-05 
  4.37469e-01  7.17400e-05 
  4.38719e-01  6.98024e-05 
  4.39970e-01  6.82863e-05 
  4.41221e-01  6.72074e-05 
  4.42471e-01  6.65782e-05 
  4.43722e-01  6.64074e-05 
  4.44972e-01  6.66992e-05 
  4.46223e-01  6.74532e-05 
  4.47474e-01  6.86640e-05 
  4.48724e-01  7.03208e-05 
  4.49975e-01  7.24079e-05 
  4.51226e-01  7.49045e-05 
  4.52476e-01  7.77848e-05 
  4.53727e-01  8.10188e-05 
  4.54977e-01  8.45725e-05 
  4.56228e-01  8.84085e-05 
  4.57479e-01  9.24869e-05 
  4.58729e-01  9.67656e-05 
  4.59980e-01  1.01201e-04 
  4.61231e-01  1.05751e-04 
  4.62481e-01  1.10369e-04 
  4.63732e-01  1.15016e-04 
  4.64982e-01  1.19649e-04 
  4.66233e-01  1.24229e-04 
  4.67484e-01  1.28723e-04 
  4.68734e-01  1.33095e-04 
  4.69985e-01  1.37319e-04 
  4.71236e-01  1.41369e-04 
  4.72486e-01  1.45224e-04 
  4.73737e-01  1.48867e-04 
  4.74987e-01  1.52286e-04 
  4.76238e-01  1.55470e-04 
  4.77489e-01  1.58416e-04 
  4.78739e-01  1.61120e-04 
  4.79990e-01  1.63584e-04 
  4.81241e-01  1.65811e-04 
  4.82491e-01  1.67805e-04 
  4.83742e-01  1.69575e-04 
  4.84992e-01  1.71127e-04 
  4.86243e-01  1.72471e-04 
  4.87494e-01  1.73614e-04 
  4.88744e-01  1.74567e-04 
  4.89995e-01  1.75336e-04 
  4.91246e-01  1.75928e-04 
  4.92496e-01  1.76350e-04 
  4.93747e-01  1.76607e-04 
  4.94997e-01  1.76702e-04 
  4.96248e-01  1.76638e-04 
  4.97499e-01  1.76414e-04 
  4.98749e-01  1.76032e-04 
  5.00000e-01  1.75491e-04 
