# Simulated SAS data with noise
# sigma generated using Sedlak et al, k=100000, c=0.55, https://doi.org/10.1107/S1600576717003077, and rebinned with 10 per bin)
# q            I            sigma       
  1.00000e-03  1.38452e-01  8.11402e-03 
  2.25063e-03  1.49029e-01  5.39918e-03 
  3.50125e-03  1.47795e-01  4.31550e-03 
  4.75188e-03  1.42850e-01  3.68803e-03 
  6.00251e-03  1.41430e-01  3.26264e-03 
  7.25313e-03  1.41536e-01  2.94720e-03 
  8.50376e-03  1.32167e-01  2.69922e-03 
  9.75439e-03  1.36176e-01  2.49605e-03 
  1.10050e-02  1.33088e-01  2.32444e-03 
  1.22556e-02  1.25220e-01  2.17602e-03 
  1.35063e-02  1.27302e-01  2.04526e-03 
  1.47569e-02  1.24041e-01  1.92836e-03 
  1.60075e-02  1.23564e-01  1.82260e-03 
  1.72581e-02  1.15196e-01  1.72600e-03 
  1.85088e-02  1.09448e-01  1.63709e-03 
  1.97594e-02  1.05491e-01  1.55475e-03 
  2.10100e-02  1.02890e-01  1.47813e-03 
  2.22607e-02  9.73185e-02  1.40656e-03 
  2.35113e-02  9.53301e-02  1.33953e-03 
  2.47619e-02  9.12854e-02  1.27663e-03 
  2.60125e-02  8.63738e-02  1.21753e-03 
  2.72632e-02  8.34445e-02  1.16197e-03 
  2.85138e-02  7.91386e-02  1.10976e-03 
  2.97644e-02  7.44068e-02  1.06071e-03 
  3.10150e-02  7.15083e-02  1.01468e-03 
  3.22657e-02  6.61788e-02  9.71567e-04 
  3.35163e-02  6.56584e-02  9.31254e-04 
  3.47669e-02  6.23199e-02  8.93648e-04 
  3.60175e-02  5.86307e-02  8.58661e-04 
  3.72682e-02  5.78442e-02  8.26201e-04 
  3.85188e-02  5.34784e-02  7.96178e-04 
  3.97694e-02  5.16029e-02  7.68494e-04 
  4.10201e-02  5.16549e-02  7.43045e-04 
  4.22707e-02  4.82975e-02  7.19718e-04 
  4.35213e-02  4.83143e-02  6.98393e-04 
  4.47719e-02  4.65101e-02  6.78939e-04 
  4.60226e-02  4.44536e-02  6.61218e-04 
  4.72732e-02  4.25470e-02  6.45086e-04 
  4.85238e-02  4.31892e-02  6.30394e-04 
  4.97744e-02  4.24894e-02  6.16989e-04 
  5.10251e-02  4.10686e-02  6.04720e-04 
  5.22757e-02  3.99781e-02  5.93437e-04 
  5.35263e-02  4.07432e-02  5.82992e-04 
  5.47769e-02  4.03398e-02  5.73248e-04 
  5.60276e-02  3.96527e-02  5.64072e-04 
  5.72782e-02  3.99984e-02  5.55341e-04 
  5.85288e-02  3.87856e-02  5.46944e-04 
  5.97794e-02  3.85012e-02  5.38779e-04 
  6.10301e-02  3.92328e-02  5.30757e-04 
  6.22807e-02  3.73110e-02  5.22800e-04 
  6.35313e-02  3.63743e-02  5.14840e-04 
  6.47820e-02  3.66360e-02  5.06823e-04 
  6.60326e-02  3.59043e-02  4.98703e-04 
  6.72832e-02  3.53257e-02  4.90445e-04 
  6.85338e-02  3.48852e-02  4.82023e-04 
  6.97845e-02  3.47048e-02  4.73420e-04 
  7.10351e-02  3.41927e-02  4.64628e-04 
  7.22857e-02  3.35915e-02  4.55644e-04 
  7.35363e-02  3.18527e-02  4.46472e-04 
  7.47870e-02  3.12652e-02  4.37123e-04 
  7.60376e-02  3.12480e-02  4.27612e-04 
  7.72882e-02  2.99558e-02  4.17958e-04 
  7.85388e-02  2.98213e-02  4.08186e-04 
  7.97895e-02  2.83424e-02  3.98320e-04 
  8.10401e-02  2.74872e-02  3.88389e-04 
  8.22907e-02  2.59767e-02  3.78425e-04 
  8.35414e-02  2.49676e-02  3.68459e-04 
  8.47920e-02  2.39423e-02  3.58523e-04 
  8.60426e-02  2.35701e-02  3.48649e-04 
  8.72932e-02  2.16695e-02  3.38871e-04 
  8.85439e-02  2.08644e-02  3.29219e-04 
  8.97945e-02  1.93627e-02  3.19724e-04 
  9.10451e-02  1.94348e-02  3.10414e-04 
  9.22957e-02  1.86957e-02  3.01316e-04 
  9.35464e-02  1.76634e-02  2.92453e-04 
  9.47970e-02  1.69343e-02  2.83846e-04 
  9.60476e-02  1.57110e-02  2.75512e-04 
  9.72982e-02  1.50445e-02  2.67466e-04 
  9.85489e-02  1.39209e-02  2.59719e-04 
  9.97995e-02  1.36205e-02  2.52276e-04 
  1.01050e-01  1.31293e-02  2.45141e-04 
  1.02301e-01  1.27652e-02  2.38313e-04 
  1.03551e-01  1.19566e-02  2.31786e-04 
  1.04802e-01  1.16974e-02  2.25553e-04 
  1.06053e-01  1.11026e-02  2.19602e-04 
  1.07303e-01  1.06218e-02  2.13919e-04 
  1.08554e-01  1.04699e-02  2.08487e-04 
  1.09805e-01  9.68959e-03  2.03287e-04 
  1.11055e-01  9.65750e-03  1.98298e-04 
  1.12306e-01  9.03444e-03  1.93500e-04 
  1.13556e-01  8.30913e-03  1.88871e-04 
  1.14807e-01  8.53967e-03  1.84389e-04 
  1.16058e-01  7.61741e-03  1.80034e-04 
  1.17308e-01  7.98147e-03  1.75784e-04 
  1.18559e-01  7.38839e-03  1.71620e-04 
  1.19810e-01  6.80400e-03  1.67527e-04 
  1.21060e-01  6.78940e-03  1.63487e-04 
  1.22311e-01  6.60751e-03  1.59488e-04 
  1.23561e-01  6.19550e-03  1.55518e-04 
  1.24812e-01  6.01996e-03  1.51567e-04 
  1.26063e-01  5.66906e-03  1.47629e-04 
  1.27313e-01  5.19893e-03  1.43698e-04 
  1.28564e-01  5.17780e-03  1.39772e-04 
  1.29815e-01  4.85281e-03  1.35848e-04 
  1.31065e-01  4.69997e-03  1.31929e-04 
  1.32316e-01  4.52117e-03  1.28016e-04 
  1.33566e-01  4.25352e-03  1.24114e-04 
  1.34817e-01  3.83601e-03  1.20227e-04 
  1.36068e-01  3.89607e-03  1.16362e-04 
  1.37318e-01  3.53669e-03  1.12528e-04 
  1.38569e-01  3.35062e-03  1.08731e-04 
  1.39820e-01  3.07447e-03  1.04981e-04 
  1.41070e-01  2.71065e-03  1.01287e-04 
  1.42321e-01  2.55641e-03  9.76585e-05 
  1.43571e-01  2.39720e-03  9.41057e-05 
  1.44822e-01  2.41525e-03  9.06381e-05 
  1.46073e-01  2.08656e-03  8.72649e-05 
  1.47323e-01  1.92937e-03  8.39952e-05 
  1.48574e-01  1.70950e-03  8.08374e-05 
  1.49825e-01  1.52459e-03  7.77992e-05 
  1.51075e-01  1.55195e-03  7.48876e-05 
  1.52326e-01  1.27255e-03  7.21085e-05 
  1.53576e-01  1.17046e-03  6.94669e-05 
  1.54827e-01  1.04853e-03  6.69664e-05 
  1.56078e-01  9.70259e-04  6.46097e-05 
  1.57328e-01  9.36410e-04  6.23981e-05 
  1.58579e-01  8.35062e-04  6.03315e-05 
  1.59830e-01  7.30978e-04  5.84088e-05 
  1.61080e-01  6.70231e-04  5.66276e-05 
  1.62331e-01  7.38264e-04  5.49845e-05 
  1.63581e-01  5.25485e-04  5.34748e-05 
  1.64832e-01  4.78371e-04  5.20935e-05 
  1.66083e-01  5.88288e-04  5.08346e-05 
  1.67333e-01  4.21110e-04  4.96916e-05 
  1.68584e-01  4.61851e-04  4.86579e-05 
  1.69835e-01  3.49790e-04  4.77268e-05 
  1.71085e-01  3.95109e-04  4.68915e-05 
  1.72336e-01  4.40791e-04  4.61456e-05 
  1.73586e-01  3.70611e-04  4.54827e-05 
  1.74837e-01  3.68541e-04  4.48970e-05 
  1.76088e-01  3.66332e-04  4.43833e-05 
  1.77338e-01  3.52945e-04  4.39364e-05 
  1.78589e-01  3.29086e-04  4.35519e-05 
  1.79840e-01  3.28861e-04  4.32256e-05 
  1.81090e-01  3.31017e-04  4.29537e-05 
  1.82341e-01  3.30321e-04  4.27326e-05 
  1.83591e-01  3.67213e-04  4.25591e-05 
  1.84842e-01  3.03173e-04  4.24300e-05 
  1.86093e-01  3.56400e-04  4.23421e-05 
  1.87343e-01  3.55470e-04  4.22923e-05 
  1.88594e-01  3.11916e-04  4.22774e-05 
  1.89845e-01  3.46505e-04  4.22943e-05 
  1.91095e-01  2.90318e-04  4.23396e-05 
  1.92346e-01  3.67210e-04  4.24100e-05 
  1.93596e-01  3.44421e-04  4.25019e-05 
  1.94847e-01  3.92796e-04  4.26119e-05 
  1.96098e-01  3.36110e-04  4.27363e-05 
  1.97348e-01  3.73402e-04  4.28717e-05 
  1.98599e-01  3.84717e-04  4.30144e-05 
  1.99850e-01  3.99354e-04  4.31611e-05 
  2.01100e-01  4.05148e-04  4.33083e-05 
  2.02351e-01  4.40467e-04  4.34531e-05 
  2.03602e-01  4.35621e-04  4.35924e-05 
  2.04852e-01  4.59628e-04  4.37236e-05 
  2.06103e-01  4.20550e-04  4.38442e-05 
  2.07353e-01  4.28342e-04  4.39520e-05 
  2.08604e-01  3.93905e-04  4.40452e-05 
  2.09855e-01  4.58836e-04  4.41222e-05 
  2.11105e-01  5.14387e-04  4.41818e-05 
  2.12356e-01  4.91163e-04  4.42229e-05 
  2.13607e-01  4.49448e-04  4.42451e-05 
  2.14857e-01  5.34131e-04  4.42477e-05 
  2.16108e-01  4.87350e-04  4.42309e-05 
  2.17358e-01  5.28191e-04  4.41946e-05 
  2.18609e-01  5.19185e-04  4.41392e-05 
  2.19860e-01  5.61817e-04  4.40652e-05 
  2.21110e-01  6.00007e-04  4.39732e-05 
  2.22361e-01  5.05646e-04  4.38641e-05 
  2.23612e-01  5.33325e-04  4.37386e-05 
  2.24862e-01  5.20186e-04  4.35978e-05 
  2.26113e-01  5.06842e-04  4.34427e-05 
  2.27363e-01  4.87899e-04  4.32740e-05 
  2.28614e-01  5.55738e-04  4.30929e-05 
  2.29865e-01  5.22975e-04  4.29003e-05 
  2.31115e-01  4.71262e-04  4.26969e-05 
  2.32366e-01  5.44428e-04  4.24835e-05 
  2.33617e-01  4.77964e-04  4.22608e-05 
  2.34867e-01  4.65588e-04  4.20294e-05 
  2.36118e-01  4.85489e-04  4.17898e-05 
  2.37368e-01  5.60539e-04  4.15424e-05 
  2.38619e-01  4.48517e-04  4.12874e-05 
  2.39870e-01  4.18134e-04  4.10250e-05 
  2.41120e-01  4.42302e-04  4.07554e-05 
  2.42371e-01  4.76045e-04  4.04787e-05 
  2.43622e-01  4.00422e-04  4.01949e-05 
  2.44872e-01  3.60402e-04  3.99038e-05 
  2.46123e-01  3.82712e-04  3.96056e-05 
  2.47373e-01  4.66180e-04  3.93002e-05 
  2.48624e-01  4.31372e-04  3.89875e-05 
  2.49875e-01  4.12422e-04  3.86676e-05 
  2.51125e-01  4.01630e-04  3.83406e-05 
  2.52376e-01  3.60037e-04  3.80065e-05 
  2.53627e-01  3.41767e-04  3.76656e-05 
  2.54877e-01  3.75577e-04  3.73182e-05 
  2.56128e-01  3.61016e-04  3.69646e-05 
  2.57378e-01  3.28193e-04  3.66053e-05 
  2.58629e-01  3.13516e-04  3.62409e-05 
  2.59880e-01  3.00347e-04  3.58719e-05 
  2.61130e-01  2.53932e-04  3.54991e-05 
  2.62381e-01  2.89882e-04  3.51234e-05 
  2.63632e-01  2.76727e-04  3.47455e-05 
  2.64882e-01  3.00482e-04  3.43665e-05 
  2.66133e-01  2.73034e-04  3.39873e-05 
  2.67383e-01  2.42821e-04  3.36090e-05 
  2.68634e-01  2.60637e-04  3.32327e-05 
  2.69885e-01  2.72923e-04  3.28592e-05 
  2.71135e-01  1.76115e-04  3.24899e-05 
  2.72386e-01  1.61558e-04  3.21256e-05 
  2.73637e-01  1.65840e-04  3.17674e-05 
  2.74887e-01  1.91971e-04  3.14162e-05 
  2.76138e-01  1.13420e-04  3.10729e-05 
  2.77388e-01  1.91047e-04  3.07383e-05 
  2.78639e-01  1.98623e-04  3.04133e-05 
  2.79890e-01  1.30166e-04  3.00983e-05 
  2.81140e-01  1.66515e-04  2.97941e-05 
  2.82391e-01  9.49435e-05  2.95010e-05 
  2.83642e-01  1.13050e-04  2.92195e-05 
  2.84892e-01  9.09314e-05  2.89498e-05 
  2.86143e-01  7.05162e-05  2.86921e-05 
  2.87393e-01  1.18042e-04  2.84465e-05 
  2.88644e-01  1.24116e-04  2.82130e-05 
  2.89895e-01  8.37861e-05  2.79917e-05 
  2.91145e-01  5.11973e-05  2.77823e-05 
  2.92396e-01  3.53476e-05  2.75848e-05 
  2.93647e-01  5.35159e-05  2.73989e-05 
  2.94897e-01  2.22761e-05  2.72244e-05 
  2.96148e-01  6.71375e-05  2.70610e-05 
  2.97398e-01  1.17048e-05  2.69084e-05 
  2.98649e-01  1.46559e-05  2.67663e-05 
  2.99900e-01  1.94305e-05  2.66344e-05 
  3.01150e-01  4.24147e-05  2.65124e-05 
  3.02401e-01  3.37010e-05  2.63999e-05 
  3.03652e-01  1.78880e-05  2.62967e-05 
  3.04902e-01  5.00444e-05  2.62023e-05 
  3.06153e-01  8.86577e-05  2.61165e-05 
  3.07404e-01  3.03200e-05  2.60389e-05 
  3.08654e-01  5.40336e-05  2.59693e-05 
  3.09905e-01  3.83449e-05  2.59072e-05 
  3.11155e-01  4.09186e-05  2.58523e-05 
  3.12406e-01  6.60120e-05  2.58042e-05 
  3.13657e-01  -2.51177e-05 2.57627e-05 
  3.14907e-01  1.81050e-05  2.57273e-05 
  3.16158e-01  -2.00236e-06 2.56977e-05 
  3.17409e-01  7.58439e-05  2.56734e-05 
  3.18659e-01  4.39148e-05  2.56540e-05 
  3.19910e-01  4.43533e-06  2.56391e-05 
  3.21160e-01  8.39104e-05  2.56284e-05 
  3.22411e-01  5.78403e-05  2.56213e-05 
  3.23662e-01  3.16864e-05  2.56173e-05 
  3.24912e-01  1.00349e-05  2.56162e-05 
  3.26163e-01  7.27772e-05  2.56174e-05 
  3.27414e-01  -1.92478e-05 2.56205e-05 
  3.28664e-01  2.84416e-05  2.56250e-05 
  3.29915e-01  7.04030e-05  2.56306e-05 
  3.31165e-01  4.75098e-05  2.56369e-05 
  3.32416e-01  5.76361e-05  2.56435e-05 
  3.33667e-01  5.90810e-05  2.56501e-05 
  3.34917e-01  2.81009e-05  2.56563e-05 
  3.36168e-01  7.28129e-05  2.56618e-05 
  3.37419e-01  8.64477e-05  2.56664e-05 
  3.38669e-01  5.05646e-05  2.56699e-05 
  3.39920e-01  8.98373e-05  2.56720e-05 
  3.41170e-01  8.64390e-05  2.56725e-05 
  3.42421e-01  4.16004e-05  2.56714e-05 
  3.43672e-01  5.18986e-05  2.56684e-05 
  3.44922e-01  5.52989e-05  2.56634e-05 
  3.46173e-01  1.13212e-04  2.56564e-05 
  3.47424e-01  7.87646e-05  2.56473e-05 
  3.48674e-01  7.64070e-05  2.56360e-05 
  3.49925e-01  1.23347e-04  2.56225e-05 
  3.51175e-01  9.67204e-05  2.56066e-05 
  3.52426e-01  1.17861e-04  2.55884e-05 
  3.53677e-01  1.16900e-04  2.55678e-05 
  3.54927e-01  3.96214e-05  2.55448e-05 
  3.56178e-01  6.83199e-05  2.55193e-05 
  3.57429e-01  4.76826e-05  2.54912e-05 
  3.58679e-01  1.00736e-04  2.54606e-05 
  3.59930e-01  1.27405e-04  2.54273e-05 
  3.61180e-01  7.73789e-05  2.53913e-05 
  3.62431e-01  1.18775e-04  2.53525e-05 
  3.63682e-01  9.45863e-05  2.53109e-05 
  3.64932e-01  8.13796e-05  2.52664e-05 
  3.66183e-01  1.00905e-04  2.52190e-05 
  3.67434e-01  1.14962e-04  2.51686e-05 
  3.68684e-01  1.24666e-04  2.51151e-05 
  3.69935e-01  4.85292e-05  2.50587e-05 
  3.71185e-01  7.12596e-05  2.49992e-05 
  3.72436e-01  6.14008e-05  2.49366e-05 
  3.73687e-01  8.35314e-05  2.48711e-05 
  3.74937e-01  6.52036e-05  2.48026e-05 
  3.76188e-01  8.62539e-05  2.47313e-05 
  3.77439e-01  5.52463e-05  2.46572e-05 
  3.78689e-01  8.98192e-05  2.45806e-05 
  3.79940e-01  1.12813e-04  2.45014e-05 
  3.81190e-01  8.44109e-05  2.44200e-05 
  3.82441e-01  1.12453e-04  2.43365e-05 
  3.83692e-01  1.09034e-04  2.42512e-05 
  3.84942e-01  2.00254e-05  2.41644e-05 
  3.86193e-01  8.24360e-05  2.40762e-05 
  3.87444e-01  8.79174e-05  2.39869e-05 
  3.88694e-01  5.95887e-05  2.38969e-05 
  3.89945e-01  7.52495e-05  2.38065e-05 
  3.91195e-01  2.86967e-05  2.37159e-05 
  3.92446e-01  6.21248e-05  2.36254e-05 
  3.93697e-01  4.71919e-05  2.35353e-05 
  3.94947e-01  3.41465e-05  2.34458e-05 
  3.96198e-01  7.65092e-06  2.33573e-05 
  3.97449e-01  7.51614e-05  2.32699e-05 
  3.98699e-01  8.39834e-05  2.31839e-05 
  3.99950e-01  8.40223e-06  2.30994e-05 
  4.01201e-01  4.45779e-06  2.30167e-05 
  4.02451e-01  -1.37685e-05 2.29357e-05 
  4.03702e-01  3.48898e-05  2.28566e-05 
  4.04952e-01  4.61171e-05  2.27795e-05 
  4.06203e-01  4.25378e-05  2.27044e-05 
  4.07454e-01  5.93217e-05  2.26314e-05 
  4.08704e-01  6.84269e-05  2.25603e-05 
  4.09955e-01  4.80411e-06  2.24913e-05 
  4.11206e-01  -8.60294e-07 2.24241e-05 
  4.12456e-01  1.86101e-05  2.23588e-05 
  4.13707e-01  3.08063e-05  2.22953e-05 
  4.14957e-01  3.32395e-05  2.22334e-05 
  4.16208e-01  3.62566e-05  2.21732e-05 
  4.17459e-01  4.94129e-05  2.21144e-05 
  4.18709e-01  9.94582e-06  2.20570e-05 
  4.19960e-01  7.44511e-06  2.20010e-05 
  4.21211e-01  1.28484e-06  2.19462e-05 
  4.22461e-01  3.76962e-05  2.18926e-05 
  4.23712e-01  -4.68782e-05 2.18402e-05 
  4.24962e-01  1.79081e-05  2.17889e-05 
  4.26213e-01  -1.84870e-05 2.17386e-05 
  4.27464e-01  4.30205e-05  2.16895e-05 
  4.28714e-01  -7.05757e-06 2.16415e-05 
  4.29965e-01  2.72792e-05  2.15946e-05 
  4.31216e-01  1.87805e-05  2.15490e-05 
  4.32466e-01  7.42779e-06  2.15045e-05 
  4.33717e-01  1.32137e-07  2.14614e-05 
  4.34967e-01  2.02312e-05  2.14197e-05 
  4.36218e-01  -7.92349e-06 2.13793e-05 
  4.37469e-01  3.93278e-05  2.13405e-05 
  4.38719e-01  3.40417e-05  2.13033e-05 
  4.39970e-01  -1.99505e-05 2.12677e-05 
  4.41221e-01  1.69333e-06  2.12337e-05 
  4.42471e-01  -3.11077e-05 2.12015e-05 
  4.43722e-01  -1.39671e-05 2.11710e-05 
  4.44972e-01  -2.18913e-05 2.11422e-05 
  4.46223e-01  4.01660e-06  2.11152e-05 
  4.47474e-01  -1.05623e-05 2.10899e-05 
  4.48724e-01  2.89949e-05  2.10662e-05 
  4.49975e-01  -3.44464e-06 2.10442e-05 
  4.51226e-01  3.53663e-05  2.10236e-05 
  4.52476e-01  3.85538e-05  2.10045e-05 
  4.53727e-01  3.02310e-05  2.09867e-05 
  4.54977e-01  -2.84089e-05 2.09701e-05 
  4.56228e-01  3.10647e-05  2.09545e-05 
  4.57479e-01  -1.32213e-06 2.09399e-05 
  4.58729e-01  4.83075e-06  2.09259e-05 
  4.59980e-01  -1.00176e-05 2.09126e-05 
  4.61231e-01  3.63389e-05  2.08998e-05 
  4.62481e-01  3.56700e-05  2.08872e-05 
  4.63732e-01  4.19310e-05  2.08748e-05 
  4.64982e-01  -2.51969e-06 2.08624e-05 
  4.66233e-01  -4.21398e-06 2.08499e-05 
  4.67484e-01  4.37941e-05  2.08371e-05 
  4.68734e-01  4.29056e-05  2.08240e-05 
  4.69985e-01  2.59898e-05  2.08105e-05 
  4.71236e-01  6.74282e-06  2.07964e-05 
  4.72486e-01  3.83333e-05  2.07818e-05 
  4.73737e-01  3.62214e-05  2.07665e-05 
  4.74987e-01  3.85029e-05  2.07506e-05 
  4.76238e-01  7.50218e-05  2.07339e-05 
  4.77489e-01  6.31537e-05  2.07165e-05 
  4.78739e-01  -4.33054e-06 2.06984e-05 
  4.79990e-01  2.79266e-05  2.06796e-05 
  4.81241e-01  5.38172e-05  2.06600e-05 
  4.82491e-01  2.20224e-05  2.06398e-05 
  4.83742e-01  9.71969e-06  2.06190e-05 
  4.84992e-01  3.32750e-05  2.05975e-05 
  4.86243e-01  2.52683e-05  2.05754e-05 
  4.87494e-01  3.82075e-05  2.05527e-05 
  4.88744e-01  1.24911e-05  2.05295e-05 
  4.89995e-01  3.51500e-05  2.05058e-05 
  4.91246e-01  2.99918e-05  2.04816e-05 
  4.92496e-01  2.10348e-05  2.04570e-05 
  4.93747e-01  2.61469e-05  2.04319e-05 
  4.94997e-01  2.26177e-05  2.04064e-05 
  4.96248e-01  8.23967e-06  2.03804e-05 
  4.97499e-01  5.91672e-05  2.03541e-05 
  4.98749e-01  2.19681e-05  2.03273e-05 
  5.00000e-01  1.19107e-05  2.03001e-05 
