# Simulated SAS data with noise
# sigma generated using Sedlak et al, k=100000, c=0.55, https://doi.org/10.1107/S1600576717003077, and rebinned with 10 per bin)
# q            I            sigma       
  1.00000e-03  7.23947e-02  5.54434e-03 
  2.25063e-03  5.70117e-02  3.69054e-03 
  3.50125e-03  6.15762e-02  2.95157e-03 
  4.75188e-03  6.61483e-02  2.52456e-03 
  6.00251e-03  6.44038e-02  2.23580e-03 
  7.25313e-03  6.08780e-02  2.02228e-03 
  8.50376e-03  6.34244e-02  1.85492e-03 
  9.75439e-03  6.23463e-02  1.71819e-03 
  1.10050e-02  5.81076e-02  1.60299e-03 
  1.22556e-02  6.31591e-02  1.50355e-03 
  1.35063e-02  5.73565e-02  1.41605e-03 
  1.47569e-02  5.19373e-02  1.33782e-03 
  1.60075e-02  5.48044e-02  1.26697e-03 
  1.72581e-02  5.24277e-02  1.20209e-03 
  1.85088e-02  5.05804e-02  1.14214e-03 
  1.97594e-02  4.90895e-02  1.08628e-03 
  2.10100e-02  4.67768e-02  1.03390e-03 
  2.22607e-02  4.45498e-02  9.84495e-04 
  2.35113e-02  4.16063e-02  9.37662e-04 
  2.47619e-02  3.97768e-02  8.93080e-04 
  2.60125e-02  3.81131e-02  8.50487e-04 
  2.72632e-02  3.67610e-02  8.09671e-04 
  2.85138e-02  3.48766e-02  7.70456e-04 
  2.97644e-02  3.10194e-02  7.32697e-04 
  3.10150e-02  2.92217e-02  6.96277e-04 
  3.22657e-02  2.88774e-02  6.61099e-04 
  3.35163e-02  2.48265e-02  6.27083e-04 
  3.47669e-02  2.34259e-02  5.94167e-04 
  3.60175e-02  2.24733e-02  5.62300e-04 
  3.72682e-02  2.00994e-02  5.31444e-04 
  3.85188e-02  1.78933e-02  5.01573e-04 
  3.97694e-02  1.59680e-02  4.72667e-04 
  4.10201e-02  1.46362e-02  4.44720e-04 
  4.22707e-02  1.31621e-02  4.17733e-04 
  4.35213e-02  1.10500e-02  3.91716e-04 
  4.47719e-02  1.00464e-02  3.66692e-04 
  4.60226e-02  8.04706e-03  3.42692e-04 
  4.72732e-02  7.10580e-03  3.19759e-04 
  4.85238e-02  5.96360e-03  2.97950e-04 
  4.97744e-02  4.91106e-03  2.77337e-04 
  5.10251e-02  3.98516e-03  2.58009e-04 
  5.22757e-02  3.20456e-03  2.40072e-04 
  5.35263e-02  2.62537e-03  2.23650e-04 
  5.47769e-02  2.11368e-03  2.08882e-04 
  5.60276e-02  6.22446e-04  1.95921e-04 
  5.72782e-02  7.49674e-04  1.84917e-04 
  5.85288e-02  3.21472e-04  1.76005e-04 
  5.97794e-02  1.93319e-04  1.69282e-04 
  6.10301e-02  -3.63281e-05 1.64783e-04 
  6.22807e-02  5.45325e-05  1.62466e-04 
  6.35313e-02  -5.75735e-05 1.62203e-04 
  6.47820e-02  1.89663e-04  1.63793e-04 
  6.60326e-02  5.57805e-04  1.66986e-04 
  6.72832e-02  1.01322e-03  1.71504e-04 
  6.85338e-02  9.40286e-04  1.77072e-04 
  6.97845e-02  1.58966e-03  1.83435e-04 
  7.10351e-02  2.32099e-03  1.90365e-04 
  7.22857e-02  2.53783e-03  1.97667e-04 
  7.35363e-02  3.63969e-03  2.05176e-04 
  7.47870e-02  3.70131e-03  2.12758e-04 
  7.60376e-02  4.90106e-03  2.20302e-04 
  7.72882e-02  5.32779e-03  2.27717e-04 
  7.85388e-02  6.11963e-03  2.34932e-04 
  7.97895e-02  6.95178e-03  2.41887e-04 
  8.10401e-02  7.29507e-03  2.48536e-04 
  8.22907e-02  8.20732e-03  2.54840e-04 
  8.35414e-02  9.73416e-03  2.60770e-04 
  8.47920e-02  9.23851e-03  2.66302e-04 
  8.60426e-02  1.04036e-02  2.71419e-04 
  8.72932e-02  1.14420e-02  2.76105e-04 
  8.85439e-02  1.21014e-02  2.80352e-04 
  8.97945e-02  1.25721e-02  2.84153e-04 
  9.10451e-02  1.33376e-02  2.87502e-04 
  9.22957e-02  1.41396e-02  2.90400e-04 
  9.35464e-02  1.40198e-02  2.92845e-04 
  9.47970e-02  1.46310e-02  2.94840e-04 
  9.60476e-02  1.51928e-02  2.96388e-04 
  9.72982e-02  1.53286e-02  2.97495e-04 
  9.85489e-02  1.62280e-02  2.98167e-04 
  9.97995e-02  1.61697e-02  2.98411e-04 
  1.01050e-01  1.63678e-02  2.98235e-04 
  1.02301e-01  1.65545e-02  2.97650e-04 
  1.03551e-01  1.69486e-02  2.96665e-04 
  1.04802e-01  1.70421e-02  2.95292e-04 
  1.06053e-01  1.65737e-02  2.93541e-04 
  1.07303e-01  1.72327e-02  2.91426e-04 
  1.08554e-01  1.65779e-02  2.88960e-04 
  1.09805e-01  1.64953e-02  2.86156e-04 
  1.11055e-01  1.61734e-02  2.83028e-04 
  1.12306e-01  1.59117e-02  2.79591e-04 
  1.13556e-01  1.56014e-02  2.75860e-04 
  1.14807e-01  1.56429e-02  2.71850e-04 
  1.16058e-01  1.50102e-02  2.67578e-04 
  1.17308e-01  1.40616e-02  2.63060e-04 
  1.18559e-01  1.40469e-02  2.58313e-04 
  1.19810e-01  1.35108e-02  2.53353e-04 
  1.21060e-01  1.29583e-02  2.48199e-04 
  1.22311e-01  1.25330e-02  2.42867e-04 
  1.23561e-01  1.23754e-02  2.37377e-04 
  1.24812e-01  1.13635e-02  2.31746e-04 
  1.26063e-01  1.05313e-02  2.25993e-04 
  1.27313e-01  1.02306e-02  2.20138e-04 
  1.28564e-01  9.43771e-03  2.14199e-04 
  1.29815e-01  8.83576e-03  2.08197e-04 
  1.31065e-01  8.59258e-03  2.02153e-04 
  1.32316e-01  8.01414e-03  1.96085e-04 
  1.33566e-01  7.02478e-03  1.90017e-04 
  1.34817e-01  6.35102e-03  1.83969e-04 
  1.36068e-01  5.93676e-03  1.77963e-04 
  1.37318e-01  5.62411e-03  1.72021e-04 
  1.38569e-01  4.86305e-03  1.66167e-04 
  1.39820e-01  4.47119e-03  1.60425e-04 
  1.41070e-01  3.72393e-03  1.54817e-04 
  1.42321e-01  3.48328e-03  1.49369e-04 
  1.43571e-01  3.04275e-03  1.44105e-04 
  1.44822e-01  2.63549e-03  1.39051e-04 
  1.46073e-01  2.08674e-03  1.34230e-04 
  1.47323e-01  1.73569e-03  1.29668e-04 
  1.48574e-01  1.39968e-03  1.25388e-04 
  1.49825e-01  1.30877e-03  1.21413e-04 
  1.51075e-01  1.04403e-03  1.17763e-04 
  1.52326e-01  7.55812e-04  1.14456e-04 
  1.53576e-01  6.80396e-04  1.11509e-04 
  1.54827e-01  4.93399e-04  1.08930e-04 
  1.56078e-01  2.30492e-04  1.06728e-04 
  1.57328e-01  1.35034e-04  1.04902e-04 
  1.58579e-01  1.77836e-04  1.03448e-04 
  1.59830e-01  -5.84566e-05 1.02356e-04 
  1.61080e-01  1.49652e-04  1.01611e-04 
  1.62331e-01  -8.88837e-06 1.01190e-04 
  1.63581e-01  -1.37103e-04 1.01071e-04 
  1.64832e-01  2.43149e-04  1.01224e-04 
  1.66083e-01  1.51271e-04  1.01620e-04 
  1.67333e-01  8.93775e-05  1.02225e-04 
  1.68584e-01  2.88057e-04  1.03010e-04 
  1.69835e-01  3.07384e-04  1.03941e-04 
  1.71085e-01  8.35525e-04  1.04988e-04 
  1.72336e-01  4.98415e-04  1.06122e-04 
  1.73586e-01  7.78207e-04  1.07316e-04 
  1.74837e-01  7.40889e-04  1.08545e-04 
  1.76088e-01  1.18727e-03  1.09786e-04 
  1.77338e-01  1.22844e-03  1.11018e-04 
  1.78589e-01  1.21450e-03  1.12224e-04 
  1.79840e-01  1.30120e-03  1.13387e-04 
  1.81090e-01  1.59979e-03  1.14493e-04 
  1.82341e-01  1.50161e-03  1.15530e-04 
  1.83591e-01  1.95305e-03  1.16487e-04 
  1.84842e-01  2.13528e-03  1.17356e-04 
  1.86093e-01  2.02731e-03  1.18128e-04 
  1.87343e-01  2.52038e-03  1.18799e-04 
  1.88594e-01  2.27598e-03  1.19364e-04 
  1.89845e-01  2.26593e-03  1.19818e-04 
  1.91095e-01  2.44000e-03  1.20161e-04 
  1.92346e-01  2.70144e-03  1.20390e-04 
  1.93596e-01  2.44570e-03  1.20505e-04 
  1.94847e-01  2.82045e-03  1.20507e-04 
  1.96098e-01  2.62774e-03  1.20396e-04 
  1.97348e-01  2.70443e-03  1.20175e-04 
  1.98599e-01  2.83700e-03  1.19846e-04 
  1.99850e-01  2.66249e-03  1.19412e-04 
  2.01100e-01  2.60307e-03  1.18877e-04 
  2.02351e-01  2.65614e-03  1.18244e-04 
  2.03602e-01  2.26987e-03  1.17520e-04 
  2.04852e-01  2.69620e-03  1.16707e-04 
  2.06103e-01  2.54665e-03  1.15813e-04 
  2.07353e-01  2.35237e-03  1.14843e-04 
  2.08604e-01  2.49350e-03  1.13802e-04 
  2.09855e-01  2.25144e-03  1.12698e-04 
  2.11105e-01  2.32433e-03  1.11537e-04 
  2.12356e-01  2.26018e-03  1.10325e-04 
  2.13607e-01  1.83962e-03  1.09070e-04 
  2.14857e-01  2.12282e-03  1.07778e-04 
  2.16108e-01  1.55437e-03  1.06458e-04 
  2.17358e-01  1.63987e-03  1.05116e-04 
  2.18609e-01  1.57786e-03  1.03759e-04 
  2.19860e-01  1.41598e-03  1.02395e-04 
  2.21110e-01  1.40684e-03  1.01031e-04 
  2.22361e-01  1.38395e-03  9.96747e-05 
  2.23612e-01  9.75357e-04  9.83324e-05 
  2.24862e-01  1.20678e-03  9.70110e-05 
  2.26113e-01  9.26268e-04  9.57172e-05 
  2.27363e-01  1.00980e-03  9.44570e-05 
  2.28614e-01  7.69085e-04  9.32365e-05 
  2.29865e-01  5.41357e-04  9.20611e-05 
  2.31115e-01  6.48673e-04  9.09356e-05 
  2.32366e-01  5.39335e-04  8.98647e-05 
  2.33617e-01  2.60096e-04  8.88521e-05 
  2.34867e-01  4.28697e-04  8.79012e-05 
  2.36118e-01  3.20551e-04  8.70147e-05 
  2.37368e-01  3.27244e-04  8.61946e-05 
  2.38619e-01  2.08594e-04  8.54421e-05 
  2.39870e-01  2.11013e-04  8.47580e-05 
  2.41120e-01  2.52711e-04  8.41421e-05 
  2.42371e-01  1.30803e-04  8.35937e-05 
  2.43622e-01  1.00988e-05  8.31115e-05 
  2.44872e-01  -7.14334e-05 8.26936e-05 
  2.46123e-01  -7.12861e-06 8.23374e-05 
  2.47373e-01  -7.00948e-05 8.20398e-05 
  2.48624e-01  1.85505e-04  8.17975e-05 
  2.49875e-01  -4.31622e-06 8.16067e-05 
  2.51125e-01  -1.02959e-04 8.14631e-05 
  2.52376e-01  -5.93887e-05 8.13624e-05 
  2.53627e-01  -5.20556e-06 8.13002e-05 
  2.54877e-01  -5.47780e-05 8.12716e-05 
  2.56128e-01  8.76117e-05  8.12722e-05 
  2.57378e-01  -8.19600e-06 8.12972e-05 
  2.58629e-01  4.02061e-05  8.13421e-05 
  2.59880e-01  2.85797e-04  8.14025e-05 
  2.61130e-01  2.71809e-04  8.14740e-05 
  2.62381e-01  1.25570e-04  8.15525e-05 
  2.63632e-01  2.69151e-04  8.16343e-05 
  2.64882e-01  2.79732e-04  8.17157e-05 
  2.66133e-01  2.19308e-04  8.17935e-05 
  2.67383e-01  2.21908e-04  8.18644e-05 
  2.68634e-01  3.33885e-04  8.19259e-05 
  2.69885e-01  3.18724e-04  8.19754e-05 
  2.71135e-01  3.10571e-04  8.20107e-05 
  2.72386e-01  4.19831e-04  8.20300e-05 
  2.73637e-01  3.78927e-04  8.20318e-05 
  2.74887e-01  4.62029e-04  8.20147e-05 
  2.76138e-01  4.45357e-04  8.19777e-05 
  2.77388e-01  3.99802e-04  8.19201e-05 
  2.78639e-01  4.35503e-04  8.18413e-05 
  2.79890e-01  4.15620e-04  8.17411e-05 
  2.81140e-01  3.44542e-04  8.16195e-05 
  2.82391e-01  4.92336e-04  8.14766e-05 
  2.83642e-01  5.16331e-04  8.13129e-05 
  2.84892e-01  6.54667e-04  8.11288e-05 
  2.86143e-01  4.53022e-04  8.09252e-05 
  2.87393e-01  4.38980e-04  8.07028e-05 
  2.88644e-01  3.30753e-04  8.04628e-05 
  2.89895e-01  2.76806e-04  8.02062e-05 
  2.91145e-01  6.31120e-04  7.99343e-05 
  2.92396e-01  4.33036e-04  7.96484e-05 
  2.93647e-01  3.11555e-04  7.93500e-05 
  2.94897e-01  5.05531e-04  7.90404e-05 
  2.96148e-01  3.83233e-04  7.87212e-05 
  2.97398e-01  4.73017e-04  7.83938e-05 
  2.98649e-01  3.49574e-04  7.80599e-05 
  2.99900e-01  3.52040e-04  7.77210e-05 
  3.01150e-01  3.68256e-04  7.73785e-05 
  3.02401e-01  2.65599e-04  7.70339e-05 
  3.03652e-01  2.91112e-04  7.66888e-05 
  3.04902e-01  2.91728e-04  7.63444e-05 
  3.06153e-01  2.60907e-04  7.60022e-05 
  3.07404e-01  2.66209e-04  7.56633e-05 
  3.08654e-01  1.82669e-04  7.53289e-05 
  3.09905e-01  8.26603e-05  7.50002e-05 
  3.11155e-01  2.62563e-04  7.46781e-05 
  3.12406e-01  1.07923e-04  7.43635e-05 
  3.13657e-01  1.88305e-04  7.40572e-05 
  3.14907e-01  2.46338e-04  7.37599e-05 
  3.16158e-01  1.35591e-04  7.34721e-05 
  3.17409e-01  1.49281e-04  7.31944e-05 
  3.18659e-01  1.37058e-04  7.29269e-05 
  3.19910e-01  4.91183e-05  7.26701e-05 
  3.21160e-01  7.31613e-05  7.24241e-05 
  3.22411e-01  -1.93459e-04 7.21888e-05 
  3.23662e-01  -4.16238e-05 7.19642e-05 
  3.24912e-01  -5.40684e-05 7.17503e-05 
  3.26163e-01  1.60492e-04  7.15467e-05 
  3.27414e-01  -1.67318e-05 7.13532e-05 
  3.28664e-01  1.31766e-04  7.11695e-05 
  3.29915e-01  2.56857e-05  7.09950e-05 
  3.31165e-01  -1.81234e-04 7.08294e-05 
  3.32416e-01  1.02755e-04  7.06721e-05 
  3.33667e-01  2.24240e-05  7.05225e-05 
  3.34917e-01  1.24885e-04  7.03802e-05 
  3.36168e-01  -3.93352e-05 7.02444e-05 
  3.37419e-01  3.96555e-05  7.01146e-05 
  3.38669e-01  1.17241e-05  6.99902e-05 
  3.39920e-01  8.50719e-05  6.98706e-05 
  3.41170e-01  2.67106e-05  6.97551e-05 
  3.42421e-01  -1.70519e-05 6.96433e-05 
  3.43672e-01  6.80478e-05  6.95344e-05 
  3.44922e-01  3.42531e-05  6.94281e-05 
  3.46173e-01  -9.55780e-05 6.93237e-05 
  3.47424e-01  6.43522e-05  6.92208e-05 
  3.48674e-01  -5.86588e-05 6.91190e-05 
  3.49925e-01  1.23447e-04  6.90178e-05 
  3.51175e-01  1.08987e-04  6.89169e-05 
  3.52426e-01  -8.14410e-05 6.88160e-05 
  3.53677e-01  5.06230e-05  6.87147e-05 
  3.54927e-01  1.71657e-05  6.86128e-05 
  3.56178e-01  -7.96892e-05 6.85102e-05 
  3.57429e-01  4.03943e-07  6.84065e-05 
  3.58679e-01  1.22968e-04  6.83017e-05 
  3.59930e-01  2.91694e-05  6.81957e-05 
  3.61180e-01  1.01117e-04  6.80884e-05 
  3.62431e-01  2.49256e-05  6.79798e-05 
  3.63682e-01  6.75474e-05  6.78699e-05 
  3.64932e-01  7.80809e-05  6.77586e-05 
  3.66183e-01  1.52464e-05  6.76460e-05 
  3.67434e-01  3.20590e-05  6.75322e-05 
  3.68684e-01  -7.12941e-05 6.74172e-05 
  3.69935e-01  7.58692e-05  6.73012e-05 
  3.71185e-01  8.95491e-05  6.71842e-05 
  3.72436e-01  1.44618e-05  6.70664e-05 
  3.73687e-01  9.18168e-05  6.69479e-05 
  3.74937e-01  2.28413e-05  6.68288e-05 
  3.76188e-01  8.73502e-05  6.67093e-05 
  3.77439e-01  1.23888e-05  6.65894e-05 
  3.78689e-01  1.06520e-04  6.64694e-05 
  3.79940e-01  -2.68903e-05 6.63493e-05 
  3.81190e-01  1.47797e-04  6.62293e-05 
  3.82441e-01  1.08579e-05  6.61094e-05 
  3.83692e-01  8.33048e-05  6.59899e-05 
  3.84942e-01  6.33622e-05  6.58707e-05 
  3.86193e-01  -3.93445e-05 6.57521e-05 
  3.87444e-01  2.35992e-05  6.56340e-05 
  3.88694e-01  1.38203e-04  6.55166e-05 
  3.89945e-01  -9.02563e-05 6.54000e-05 
  3.91195e-01  8.37774e-05  6.52841e-05 
  3.92446e-01  -3.64464e-05 6.51691e-05 
  3.93697e-01  -3.44085e-07 6.50549e-05 
  3.94947e-01  3.86345e-05  6.49416e-05 
  3.96198e-01  -5.20955e-05 6.48293e-05 
  3.97449e-01  -1.59646e-05 6.47179e-05 
  3.98699e-01  -4.49372e-05 6.46074e-05 
  3.99950e-01  9.12862e-06  6.44979e-05 
  4.01201e-01  4.30697e-05  6.43893e-05 
  4.02451e-01  7.31334e-05  6.42817e-05 
  4.03702e-01  3.12291e-05  6.41749e-05 
  4.04952e-01  2.43024e-05  6.40691e-05 
  4.06203e-01  1.98980e-05  6.39641e-05 
  4.07454e-01  5.84871e-05  6.38599e-05 
  4.08704e-01  2.54994e-06  6.37566e-05 
  4.09955e-01  6.11563e-06  6.36541e-05 
  4.11206e-01  -2.98227e-05 6.35523e-05 
  4.12456e-01  3.49881e-05  6.34513e-05 
  4.13707e-01  3.20026e-05  6.33511e-05 
  4.14957e-01  -6.68204e-05 6.32515e-05 
  4.16208e-01  -8.63758e-05 6.31527e-05 
  4.17459e-01  -3.83651e-06 6.30545e-05 
  4.18709e-01  -1.06005e-05 6.29570e-05 
  4.19960e-01  -4.09943e-05 6.28602e-05 
  4.21211e-01  -2.87171e-05 6.27639e-05 
  4.22461e-01  -6.46555e-05 6.26684e-05 
  4.23712e-01  7.30746e-05  6.25734e-05 
  4.24962e-01  -9.30773e-05 6.24791e-05 
  4.26213e-01  -6.12334e-05 6.23854e-05 
  4.27464e-01  8.22945e-05  6.22923e-05 
  4.28714e-01  -3.06646e-05 6.21999e-05 
  4.29965e-01  6.51917e-05  6.21081e-05 
  4.31216e-01  9.13237e-05  6.20168e-05 
  4.32466e-01  7.11074e-05  6.19263e-05 
  4.33717e-01  -7.82179e-05 6.18363e-05 
  4.34967e-01  8.40572e-05  6.17469e-05 
  4.36218e-01  5.04024e-06  6.16581e-05 
  4.37469e-01  1.90104e-05  6.15700e-05 
  4.38719e-01  1.39910e-04  6.14824e-05 
  4.39970e-01  -4.90880e-06 6.13954e-05 
  4.41221e-01  -1.09157e-04 6.13090e-05 
  4.42471e-01  3.01693e-05  6.12232e-05 
  4.43722e-01  -1.87346e-05 6.11379e-05 
  4.44972e-01  1.02792e-04  6.10531e-05 
  4.46223e-01  -1.84503e-06 6.09688e-05 
  4.47474e-01  5.35030e-05  6.08850e-05 
  4.48724e-01  8.38185e-06  6.08016e-05 
  4.49975e-01  9.38263e-06  6.07187e-05 
  4.51226e-01  -2.67020e-05 6.06361e-05 
  4.52476e-01  3.26672e-05  6.05539e-05 
  4.53727e-01  7.34266e-06  6.04720e-05 
  4.54977e-01  8.82705e-05  6.03905e-05 
  4.56228e-01  -5.30659e-05 6.03091e-05 
  4.57479e-01  1.64059e-06  6.02281e-05 
  4.58729e-01  -1.27840e-05 6.01472e-05 
  4.59980e-01  7.40014e-05  6.00664e-05 
  4.61231e-01  -3.57476e-05 5.99859e-05 
  4.62481e-01  -2.17243e-05 5.99054e-05 
  4.63732e-01  -4.98720e-05 5.98250e-05 
  4.64982e-01  -7.81288e-05 5.97447e-05 
  4.66233e-01  9.32459e-05  5.96645e-05 
  4.67484e-01  1.05655e-04  5.95842e-05 
  4.68734e-01  7.17821e-06  5.95041e-05 
  4.69985e-01  1.74345e-05  5.94239e-05 
  4.71236e-01  -1.21353e-05 5.93438e-05 
  4.72486e-01  5.60645e-05  5.92637e-05 
  4.73737e-01  3.83622e-05  5.91837e-05 
  4.74987e-01  -5.62992e-05 5.91037e-05 
  4.76238e-01  -6.52014e-05 5.90238e-05 
  4.77489e-01  5.95966e-05  5.89440e-05 
  4.78739e-01  1.27356e-04  5.88644e-05 
  4.79990e-01  3.29942e-05  5.87849e-05 
  4.81241e-01  5.25171e-05  5.87056e-05 
  4.82491e-01  -2.50898e-05 5.86265e-05 
  4.83742e-01  -4.35820e-05 5.85477e-05 
  4.84992e-01  -2.95866e-06 5.84693e-05 
  4.86243e-01  -6.98777e-05 5.83912e-05 
  4.87494e-01  -3.75895e-05 5.83135e-05 
  4.88744e-01  -7.62856e-05 5.82364e-05 
  4.89995e-01  1.79816e-06  5.81597e-05 
  4.91246e-01  6.71133e-06  5.80836e-05 
  4.92496e-01  4.25829e-05  5.80081e-05 
  4.93747e-01  -7.06382e-05 5.79333e-05 
  4.94997e-01  -1.16422e-04 5.78592e-05 
  4.96248e-01  1.38154e-04  5.77859e-05 
  4.97499e-01  -8.82952e-05 5.77133e-05 
  4.98749e-01  -3.28421e-05 5.76415e-05 
  5.00000e-01  -4.11192e-05 5.75706e-05 
