# Theoretical SAS data
# q            I           
  1.00000e-03  9.03191e+00 
  2.25063e-03  6.73657e+00 
  3.50125e-03  4.79803e+00 
  4.75188e-03  3.54348e+00 
  6.00251e-03  2.76287e+00 
  7.25313e-03  2.26332e+00 
  8.50376e-03  1.92892e+00 
  9.75439e-03  1.69439e+00 
  1.10050e-02  1.52247e+00 
  1.22556e-02  1.39122e+00 
  1.35063e-02  1.28721e+00 
  1.47569e-02  1.20194e+00 
  1.60075e-02  1.12987e+00 
  1.72581e-02  1.06727e+00 
  1.85088e-02  1.01161e+00 
  1.97594e-02  9.61096e-01 
  2.10100e-02  9.14473e-01 
  2.22607e-02  8.70834e-01 
  2.35113e-02  8.29528e-01 
  2.47619e-02  7.90082e-01 
  2.60125e-02  7.52155e-01 
  2.72632e-02  7.15502e-01 
  2.85138e-02  6.79949e-01 
  2.97644e-02  6.45378e-01 
  3.10150e-02  6.11709e-01 
  3.22657e-02  5.78894e-01 
  3.35163e-02  5.46907e-01 
  3.47669e-02  5.15740e-01 
  3.60175e-02  4.85396e-01 
  3.72682e-02  4.55888e-01 
  3.85188e-02  4.27236e-01 
  3.97694e-02  3.99461e-01 
  4.10201e-02  3.72589e-01 
  4.22707e-02  3.46645e-01 
  4.35213e-02  3.21652e-01 
  4.47719e-02  2.97634e-01 
  4.60226e-02  2.74610e-01 
  4.72732e-02  2.52598e-01 
  4.85238e-02  2.31612e-01 
  4.97744e-02  2.11661e-01 
  5.10251e-02  1.92751e-01 
  5.22757e-02  1.74884e-01 
  5.35263e-02  1.58057e-01 
  5.47769e-02  1.42264e-01 
  5.60276e-02  1.27494e-01 
  5.72782e-02  1.13731e-01 
  5.85288e-02  1.00957e-01 
  5.97794e-02  8.91490e-02 
  6.10301e-02  7.82815e-02 
  6.22807e-02  6.83253e-02 
  6.35313e-02  5.92484e-02 
  6.47820e-02  5.10164e-02 
  6.60326e-02  4.35926e-02 
  6.72832e-02  3.69384e-02 
  6.85338e-02  3.10138e-02 
  6.97845e-02  2.57772e-02 
  7.10351e-02  2.11865e-02 
  7.22857e-02  1.71989e-02 
  7.35363e-02  1.37714e-02 
  7.47870e-02  1.08608e-02 
  7.60376e-02  8.42463e-03 
  7.72882e-02  6.42082e-03 
  7.85388e-02  4.80823e-03 
  7.97895e-02  3.54680e-03 
  8.10401e-02  2.59776e-03 
  8.22907e-02  1.92378e-03 
  8.35414e-02  1.48917e-03 
  8.47920e-02  1.26009e-03 
  8.60426e-02  1.20481e-03 
  8.72932e-02  1.29381e-03 
  8.85439e-02  1.49977e-03 
  8.97945e-02  1.79743e-03 
  9.10451e-02  2.16365e-03 
  9.22957e-02  2.57742e-03 
  9.35464e-02  3.01989e-03 
  9.47970e-02  3.47436e-03 
  9.60476e-02  3.92624e-03 
  9.72982e-02  4.36300e-03 
  9.85489e-02  4.77405e-03 
  9.97995e-02  5.15070e-03 
  1.01050e-01  5.48601e-03 
  1.02301e-01  5.77471e-03 
  1.03551e-01  6.01305e-03 
  1.04802e-01  6.19872e-03 
  1.06053e-01  6.33066e-03 
  1.07303e-01  6.40898e-03 
  1.08554e-01  6.43479e-03 
  1.09805e-01  6.41009e-03 
  1.11055e-01  6.33765e-03 
  1.12306e-01  6.22086e-03 
  1.13556e-01  6.06360e-03 
  1.14807e-01  5.87016e-03 
  1.16058e-01  5.64511e-03 
  1.17308e-01  5.39318e-03 
  1.18559e-01  5.11919e-03 
  1.19810e-01  4.82796e-03 
  1.21060e-01  4.52421e-03 
  1.22311e-01  4.21252e-03 
  1.23561e-01  3.89723e-03 
  1.24812e-01  3.58244e-03 
  1.26063e-01  3.27192e-03 
  1.27313e-01  2.96910e-03 
  1.28564e-01  2.67703e-03 
  1.29815e-01  2.39837e-03 
  1.31065e-01  2.13541e-03 
  1.32316e-01  1.88999e-03 
  1.33566e-01  1.66358e-03 
  1.34817e-01  1.45725e-03 
  1.36068e-01  1.27169e-03 
  1.37318e-01  1.10724e-03 
  1.38569e-01  9.63897e-04 
  1.39820e-01  8.41359e-04 
  1.41070e-01  7.39039e-04 
  1.42321e-01  6.56106e-04 
  1.43571e-01  5.91515e-04 
  1.44822e-01  5.44039e-04 
  1.46073e-01  5.12304e-04 
  1.47323e-01  4.94823e-04 
  1.48574e-01  4.90023e-04 
  1.49825e-01  4.96280e-04 
  1.51075e-01  5.11947e-04 
  1.52326e-01  5.35378e-04 
  1.53576e-01  5.64957e-04 
  1.54827e-01  5.99118e-04 
  1.56078e-01  6.36366e-04 
  1.57328e-01  6.75297e-04 
  1.58579e-01  7.14608e-04 
  1.59830e-01  7.53113e-04 
  1.61080e-01  7.89753e-04 
  1.62331e-01  8.23599e-04 
  1.63581e-01  8.53860e-04 
  1.64832e-01  8.79881e-04 
  1.66083e-01  9.01145e-04 
  1.67333e-01  9.17270e-04 
  1.68584e-01  9.28002e-04 
  1.69835e-01  9.33212e-04 
  1.71085e-01  9.32885e-04 
  1.72336e-01  9.27113e-04 
  1.73586e-01  9.16083e-04 
  1.74837e-01  9.00069e-04 
  1.76088e-01  8.79416e-04 
  1.77338e-01  8.54533e-04 
  1.78589e-01  8.25880e-04 
  1.79840e-01  7.93955e-04 
  1.81090e-01  7.59281e-04 
  1.82341e-01  7.22401e-04 
  1.83591e-01  6.83861e-04 
  1.84842e-01  6.44204e-04 
  1.86093e-01  6.03959e-04 
  1.87343e-01  5.63636e-04 
  1.88594e-01  5.23715e-04 
  1.89845e-01  4.84643e-04 
  1.91095e-01  4.46827e-04 
  1.92346e-01  4.10633e-04 
  1.93596e-01  3.76376e-04 
  1.94847e-01  3.44328e-04 
  1.96098e-01  3.14707e-04 
  1.97348e-01  2.87685e-04 
  1.98599e-01  2.63382e-04 
  1.99850e-01  2.41872e-04 
  2.01100e-01  2.23181e-04 
  2.02351e-01  2.07296e-04 
  2.03602e-01  1.94160e-04 
  2.04852e-01  1.83682e-04 
  2.06103e-01  1.75738e-04 
  2.07353e-01  1.70175e-04 
  2.08604e-01  1.66816e-04 
  2.09855e-01  1.65464e-04 
  2.11105e-01  1.65909e-04 
  2.12356e-01  1.67928e-04 
  2.13607e-01  1.71291e-04 
  2.14857e-01  1.75764e-04 
  2.16108e-01  1.81118e-04 
  2.17358e-01  1.87125e-04 
  2.18609e-01  1.93565e-04 
  2.19860e-01  2.00229e-04 
  2.21110e-01  2.06921e-04 
  2.22361e-01  2.13458e-04 
  2.23612e-01  2.19677e-04 
  2.24862e-01  2.25430e-04 
  2.26113e-01  2.30590e-04 
  2.27363e-01  2.35048e-04 
  2.28614e-01  2.38715e-04 
  2.29865e-01  2.41522e-04 
  2.31115e-01  2.43420e-04 
  2.32366e-01  2.44378e-04 
  2.33617e-01  2.44383e-04 
  2.34867e-01  2.43438e-04 
  2.36118e-01  2.41563e-04 
  2.37368e-01  2.38792e-04 
  2.38619e-01  2.35170e-04 
  2.39870e-01  2.30755e-04 
  2.41120e-01  2.25613e-04 
  2.42371e-01  2.19820e-04 
  2.43622e-01  2.13454e-04 
  2.44872e-01  2.06603e-04 
  2.46123e-01  1.99353e-04 
  2.47373e-01  1.91795e-04 
  2.48624e-01  1.84019e-04 
  2.49875e-01  1.76112e-04 
  2.51125e-01  1.68161e-04 
  2.52376e-01  1.60247e-04 
  2.53627e-01  1.52451e-04 
  2.54877e-01  1.44843e-04 
  2.56128e-01  1.37490e-04 
  2.57378e-01  1.30453e-04 
  2.58629e-01  1.23785e-04 
  2.59880e-01  1.17531e-04 
  2.61130e-01  1.11728e-04 
  2.62381e-01  1.06409e-04 
  2.63632e-01  1.01594e-04 
  2.64882e-01  9.73002e-05 
  2.66133e-01  9.35343e-05 
  2.67383e-01  9.02974e-05 
  2.68634e-01  8.75834e-05 
  2.69885e-01  8.53801e-05 
  2.71135e-01  8.36694e-05 
  2.72386e-01  8.24277e-05 
  2.73637e-01  8.16270e-05 
  2.74887e-01  8.12345e-05 
  2.76138e-01  8.12142e-05 
  2.77388e-01  8.15269e-05 
  2.78639e-01  8.21310e-05 
  2.79890e-01  8.29829e-05 
  2.81140e-01  8.40379e-05 
  2.82391e-01  8.52507e-05 
  2.83642e-01  8.65758e-05 
  2.84892e-01  8.79680e-05 
  2.86143e-01  8.93833e-05 
  2.87393e-01  9.07789e-05 
  2.88644e-01  9.21141e-05 
  2.89895e-01  9.33503e-05 
  2.91145e-01  9.44518e-05 
  2.92396e-01  9.53855e-05 
  2.93647e-01  9.61221e-05 
  2.94897e-01  9.66354e-05 
  2.96148e-01  9.69032e-05 
  2.97398e-01  9.69070e-05 
  2.98649e-01  9.66326e-05 
  2.99900e-01  9.60696e-05 
  3.01150e-01  9.52118e-05 
  3.02401e-01  9.40571e-05 
  3.03652e-01  9.26072e-05 
  3.04902e-01  9.08680e-05 
  3.06153e-01  8.88488e-05 
  3.07404e-01  8.65627e-05 
  3.08654e-01  8.40258e-05 
  3.09905e-01  8.12576e-05 
  3.11155e-01  7.82801e-05 
  3.12406e-01  7.51178e-05 
  3.13657e-01  7.17973e-05 
  3.14907e-01  6.83467e-05 
  3.16158e-01  6.47958e-05 
  3.17409e-01  6.11750e-05 
  3.18659e-01  5.75155e-05 
  3.19910e-01  5.38485e-05 
  3.21160e-01  5.02049e-05 
  3.22411e-01  4.66151e-05 
  3.23662e-01  4.31085e-05 
  3.24912e-01  3.97130e-05 
  3.26163e-01  3.64549e-05 
  3.27414e-01  3.33584e-05 
  3.28664e-01  3.04456e-05 
  3.29915e-01  2.77359e-05 
  3.31165e-01  2.52461e-05 
  3.32416e-01  2.29899e-05 
  3.33667e-01  2.09782e-05 
  3.34917e-01  1.92186e-05 
  3.36168e-01  1.77156e-05 
  3.37419e-01  1.64707e-05 
  3.38669e-01  1.54820e-05 
  3.39920e-01  1.47449e-05 
  3.41170e-01  1.42516e-05 
  3.42421e-01  1.39919e-05 
  3.43672e-01  1.39527e-05 
  3.44922e-01  1.41190e-05 
  3.46173e-01  1.44735e-05 
  3.47424e-01  1.49972e-05 
  3.48674e-01  1.56697e-05 
  3.49925e-01  1.64696e-05 
  3.51175e-01  1.73745e-05 
  3.52426e-01  1.83618e-05 
  3.53677e-01  1.94086e-05 
  3.54927e-01  2.04923e-05 
  3.56178e-01  2.15908e-05 
  3.57429e-01  2.26829e-05 
  3.58679e-01  2.37485e-05 
  3.59930e-01  2.47691e-05 
  3.61180e-01  2.57274e-05 
  3.62431e-01  2.66084e-05 
  3.63682e-01  2.73987e-05 
  3.64932e-01  2.80875e-05 
  3.66183e-01  2.86659e-05 
  3.67434e-01  2.91273e-05 
  3.68684e-01  2.94678e-05 
  3.69935e-01  2.96853e-05 
  3.71185e-01  2.97804e-05 
  3.72436e-01  2.97558e-05 
  3.73687e-01  2.96160e-05 
  3.74937e-01  2.93678e-05 
  3.76188e-01  2.90194e-05 
  3.77439e-01  2.85808e-05 
  3.78689e-01  2.80633e-05 
  3.79940e-01  2.74790e-05 
  3.81190e-01  2.68412e-05 
  3.82441e-01  2.61637e-05 
  3.83692e-01  2.54603e-05 
  3.84942e-01  2.47454e-05 
  3.86193e-01  2.40328e-05 
  3.87444e-01  2.33360e-05 
  3.88694e-01  2.26679e-05 
  3.89945e-01  2.20405e-05 
  3.91195e-01  2.14648e-05 
  3.92446e-01  2.09504e-05 
  3.93697e-01  2.05056e-05 
  3.94947e-01  2.01375e-05 
  3.96198e-01  1.98512e-05 
  3.97449e-01  1.96504e-05 
  3.98699e-01  1.95373e-05 
  3.99950e-01  1.95121e-05 
  4.01201e-01  1.95738e-05 
  4.02451e-01  1.97194e-05 
  4.03702e-01  1.99448e-05 
  4.04952e-01  2.02444e-05 
  4.06203e-01  2.06114e-05 
  4.07454e-01  2.10379e-05 
  4.08704e-01  2.15151e-05 
  4.09955e-01  2.20334e-05 
  4.11206e-01  2.25829e-05 
  4.12456e-01  2.31531e-05 
  4.13707e-01  2.37335e-05 
  4.14957e-01  2.43134e-05 
  4.16208e-01  2.48827e-05 
  4.17459e-01  2.54312e-05 
  4.18709e-01  2.59499e-05 
  4.19960e-01  2.64299e-05 
  4.21211e-01  2.68637e-05 
  4.22461e-01  2.72443e-05 
  4.23712e-01  2.75662e-05 
  4.24962e-01  2.78249e-05 
  4.26213e-01  2.80170e-05 
  4.27464e-01  2.81405e-05 
  4.28714e-01  2.81946e-05 
  4.29965e-01  2.81798e-05 
  4.31216e-01  2.80979e-05 
  4.32466e-01  2.79516e-05 
  4.33717e-01  2.77449e-05 
  4.34967e-01  2.74827e-05 
  4.36218e-01  2.71709e-05 
  4.37469e-01  2.68161e-05 
  4.38719e-01  2.64255e-05 
  4.39970e-01  2.60067e-05 
  4.41221e-01  2.55678e-05 
  4.42471e-01  2.51172e-05 
  4.43722e-01  2.46629e-05 
  4.44972e-01  2.42133e-05 
  4.46223e-01  2.37761e-05 
  4.47474e-01  2.33590e-05 
  4.48724e-01  2.29690e-05 
  4.49975e-01  2.26123e-05 
  4.51226e-01  2.22945e-05 
  4.52476e-01  2.20206e-05 
  4.53727e-01  2.17942e-05 
  4.54977e-01  2.16184e-05 
  4.56228e-01  2.14951e-05 
  4.57479e-01  2.14251e-05 
  4.58729e-01  2.14082e-05 
  4.59980e-01  2.14434e-05 
  4.61231e-01  2.15285e-05 
  4.62481e-01  2.16605e-05 
  4.63732e-01  2.18353e-05 
  4.64982e-01  2.20483e-05 
  4.66233e-01  2.22940e-05 
  4.67484e-01  2.25664e-05 
  4.68734e-01  2.28589e-05 
  4.69985e-01  2.31646e-05 
  4.71236e-01  2.34763e-05 
  4.72486e-01  2.37867e-05 
  4.73737e-01  2.40883e-05 
  4.74987e-01  2.43738e-05 
  4.76238e-01  2.46363e-05 
  4.77489e-01  2.48690e-05 
  4.78739e-01  2.50654e-05 
  4.79990e-01  2.52199e-05 
  4.81241e-01  2.53272e-05 
  4.82491e-01  2.53828e-05 
  4.83742e-01  2.53830e-05 
  4.84992e-01  2.53249e-05 
  4.86243e-01  2.52062e-05 
  4.87494e-01  2.50257e-05 
  4.88744e-01  2.47832e-05 
  4.89995e-01  2.44790e-05 
  4.91246e-01  2.41145e-05 
  4.92496e-01  2.36919e-05 
  4.93747e-01  2.32141e-05 
  4.94997e-01  2.26850e-05 
  4.96248e-01  2.21087e-05 
  4.97499e-01  2.14904e-05 
  4.98749e-01  2.08356e-05 
  5.00000e-01  2.01502e-05 
