# Simulated SAS data with noise
# sigma generated using Sedlak et al, k=100000, c=0.55, https://doi.org/10.1107/S1600576717003077, and rebinned with 10 per bin)
# q            I            sigma       
  1.00000e-03  5.75337e+00  5.02212e-02 
  2.25063e-03  4.18132e+00  2.89117e-02 
  3.50125e-03  2.98775e+00  1.95632e-02 
  4.75188e-03  2.24674e+00  1.44318e-02 
  6.00251e-03  1.74291e+00  1.13389e-02 
  7.25313e-03  1.42405e+00  9.33653e-03 
  8.50376e-03  1.21379e+00  7.96058e-03 
  9.75439e-03  1.05722e+00  6.96653e-03 
  1.10050e-02  9.48426e-01  6.21734e-03 
  1.22556e-02  8.78481e-01  5.63210e-03 
  1.35063e-02  8.10129e-01  5.16072e-03 
  1.47569e-02  7.55183e-01  4.77101e-03 
  1.60075e-02  7.05679e-01  4.44151e-03 
  1.72581e-02  6.74831e-01  4.15749e-03 
  1.85088e-02  6.30740e-01  3.90859e-03 
  1.97594e-02  6.08098e-01  3.68733e-03 
  2.10100e-02  5.77084e-01  3.48819e-03 
  2.22607e-02  5.46282e-01  3.30704e-03 
  2.35113e-02  5.24044e-01  3.14073e-03 
  2.47619e-02  4.94428e-01  2.98684e-03 
  2.60125e-02  4.69395e-01  2.84345e-03 
  2.72632e-02  4.45571e-01  2.70904e-03 
  2.85138e-02  4.29184e-01  2.58242e-03 
  2.97644e-02  4.04279e-01  2.46259e-03 
  3.10150e-02  3.87899e-01  2.34877e-03 
  3.22657e-02  3.63867e-01  2.24029e-03 
  3.35163e-02  3.45567e-01  2.13662e-03 
  3.47669e-02  3.22820e-01  2.03731e-03 
  3.60175e-02  3.01569e-01  1.94198e-03 
  3.72682e-02  2.82534e-01  1.85031e-03 
  3.85188e-02  2.68827e-01  1.76204e-03 
  3.97694e-02  2.49108e-01  1.67695e-03 
  4.10201e-02  2.34793e-01  1.59484e-03 
  4.22707e-02  2.18654e-01  1.51555e-03 
  4.35213e-02  2.02698e-01  1.43893e-03 
  4.47719e-02  1.88364e-01  1.36488e-03 
  4.60226e-02  1.72476e-01  1.29329e-03 
  4.72732e-02  1.58472e-01  1.22407e-03 
  4.85238e-02  1.45480e-01  1.15713e-03 
  4.97744e-02  1.33723e-01  1.09243e-03 
  5.10251e-02  1.20004e-01  1.02989e-03 
  5.22757e-02  1.08412e-01  9.69465e-04 
  5.35263e-02  1.00152e-01  9.11113e-04 
  5.47769e-02  8.67670e-02  8.54794e-04 
  5.60276e-02  8.02699e-02  8.00470e-04 
  5.72782e-02  7.16903e-02  7.48112e-04 
  5.85288e-02  6.30810e-02  6.97691e-04 
  5.97794e-02  5.70816e-02  6.49182e-04 
  6.10301e-02  4.84975e-02  6.02562e-04 
  6.22807e-02  4.25293e-02  5.57812e-04 
  6.35313e-02  3.75340e-02  5.14914e-04 
  6.47820e-02  3.24869e-02  4.73854e-04 
  6.60326e-02  2.79755e-02  4.34619e-04 
  6.72832e-02  2.30709e-02  3.97201e-04 
  6.85338e-02  1.98648e-02  3.61595e-04 
  6.97845e-02  1.59000e-02  3.27805e-04 
  7.10351e-02  1.38048e-02  2.95837e-04 
  7.22857e-02  1.05282e-02  2.65711e-04 
  7.35363e-02  8.80137e-03  2.37460e-04 
  7.47870e-02  7.06140e-03  2.11134e-04 
  7.60376e-02  5.69188e-03  1.86811e-04 
  7.72882e-02  3.93470e-03  1.64605e-04 
  7.85388e-02  3.03846e-03  1.44673e-04 
  7.97895e-02  2.20715e-03  1.27232e-04 
  8.10401e-02  1.63310e-03  1.12553e-04 
  8.22907e-02  1.28456e-03  1.00940e-04 
  8.35414e-02  1.08661e-03  9.26485e-05 
  8.47920e-02  7.96807e-04  8.77655e-05 
  8.60426e-02  7.34454e-04  8.60896e-05 
  8.72932e-02  8.84454e-04  8.71202e-05 
  8.85439e-02  1.05968e-03  9.01787e-05 
  8.97945e-02  1.03337e-03  9.45755e-05 
  9.10451e-02  1.33564e-03  9.97236e-05 
  9.22957e-02  1.65932e-03  1.05175e-04 
  9.35464e-02  1.72479e-03  1.10610e-04 
  9.47970e-02  2.16651e-03  1.15809e-04 
  9.60476e-02  2.56935e-03  1.20627e-04 
  9.72982e-02  2.75451e-03  1.24969e-04 
  9.85489e-02  2.92960e-03  1.28777e-04 
  9.97995e-02  3.20193e-03  1.32021e-04 
  1.01050e-01  3.46489e-03  1.34686e-04 
  1.02301e-01  3.59949e-03  1.36772e-04 
  1.03551e-01  3.76517e-03  1.38287e-04 
  1.04802e-01  3.82647e-03  1.39247e-04 
  1.06053e-01  3.97216e-03  1.39673e-04 
  1.07303e-01  4.16395e-03  1.39588e-04 
  1.08554e-01  4.21390e-03  1.39021e-04 
  1.09805e-01  4.14744e-03  1.38000e-04 
  1.11055e-01  4.10811e-03  1.36555e-04 
  1.12306e-01  3.86548e-03  1.34719e-04 
  1.13556e-01  3.70469e-03  1.32524e-04 
  1.14807e-01  3.55692e-03  1.30004e-04 
  1.16058e-01  3.52694e-03  1.27190e-04 
  1.17308e-01  3.25328e-03  1.24118e-04 
  1.18559e-01  3.16711e-03  1.20820e-04 
  1.19810e-01  3.08192e-03  1.17330e-04 
  1.21060e-01  2.77465e-03  1.13682e-04 
  1.22311e-01  2.39256e-03  1.09909e-04 
  1.23561e-01  2.34001e-03  1.06043e-04 
  1.24812e-01  2.23232e-03  1.02119e-04 
  1.26063e-01  2.05551e-03  9.81685e-05 
  1.27313e-01  1.87141e-03  9.42245e-05 
  1.28564e-01  1.67092e-03  9.03192e-05 
  1.29815e-01  1.47903e-03  8.64848e-05 
  1.31065e-01  1.26716e-03  8.27528e-05 
  1.32316e-01  1.20472e-03  7.91544e-05 
  1.33566e-01  1.15684e-03  7.57195e-05 
  1.34817e-01  9.25035e-04  7.24771e-05 
  1.36068e-01  8.29670e-04  6.94541e-05 
  1.37318e-01  8.01709e-04  6.66750e-05 
  1.38569e-01  5.31531e-04  6.41607e-05 
  1.39820e-01  6.16855e-04  6.19279e-05 
  1.41070e-01  4.76498e-04  5.99879e-05 
  1.42321e-01  3.20117e-04  5.83457e-05 
  1.43571e-01  3.47482e-04  5.69995e-05 
  1.44822e-01  3.91819e-04  5.59407e-05 
  1.46073e-01  3.41970e-04  5.51535e-05 
  1.47323e-01  3.36054e-04  5.46164e-05 
  1.48574e-01  2.46217e-04  5.43030e-05 
  1.49825e-01  2.93713e-04  5.41836e-05 
  1.51075e-01  2.79394e-04  5.42265e-05 
  1.52326e-01  3.01365e-04  5.43997e-05 
  1.53576e-01  3.64137e-04  5.46718e-05 
  1.54827e-01  3.34171e-04  5.50133e-05 
  1.56078e-01  4.22241e-04  5.53972e-05 
  1.57328e-01  4.70341e-04  5.57992e-05 
  1.58579e-01  4.67274e-04  5.61980e-05 
  1.59830e-01  4.58081e-04  5.65753e-05 
  1.61080e-01  5.00613e-04  5.69160e-05 
  1.62331e-01  4.85810e-04  5.72074e-05 
  1.63581e-01  5.29143e-04  5.74397e-05 
  1.64832e-01  6.38005e-04  5.76053e-05 
  1.66083e-01  5.69448e-04  5.76986e-05 
  1.67333e-01  5.84839e-04  5.77161e-05 
  1.68584e-01  6.65910e-04  5.76560e-05 
  1.69835e-01  5.76998e-04  5.75178e-05 
  1.71085e-01  5.99147e-04  5.73026e-05 
  1.72336e-01  5.49279e-04  5.70123e-05 
  1.73586e-01  5.64843e-04  5.66502e-05 
  1.74837e-01  6.16497e-04  5.62202e-05 
  1.76088e-01  5.10214e-04  5.57271e-05 
  1.77338e-01  4.91017e-04  5.51764e-05 
  1.78589e-01  5.08630e-04  5.45740e-05 
  1.79840e-01  5.58396e-04  5.39263e-05 
  1.81090e-01  5.33140e-04  5.32400e-05 
  1.82341e-01  4.37757e-04  5.25222e-05 
  1.83591e-01  4.79760e-04  5.17801e-05 
  1.84842e-01  3.40294e-04  5.10209e-05 
  1.86093e-01  3.73003e-04  5.02519e-05 
  1.87343e-01  3.35559e-04  4.94802e-05 
  1.88594e-01  3.40552e-04  4.87130e-05 
  1.89845e-01  3.47289e-04  4.79568e-05 
  1.91095e-01  2.43729e-04  4.72181e-05 
  1.92346e-01  2.57013e-04  4.65028e-05 
  1.93596e-01  2.45481e-04  4.58163e-05 
  1.94847e-01  2.46680e-04  4.51635e-05 
  1.96098e-01  2.95405e-04  4.45483e-05 
  1.97348e-01  1.72168e-04  4.39744e-05 
  1.98599e-01  1.83317e-04  4.34442e-05 
  1.99850e-01  1.49284e-04  4.29597e-05 
  2.01100e-01  1.68645e-04  4.25219e-05 
  2.02351e-01  1.51141e-04  4.21309e-05 
  2.03602e-01  5.93046e-05  4.17863e-05 
  2.04852e-01  1.32587e-04  4.14868e-05 
  2.06103e-01  1.40960e-04  4.12304e-05 
  2.07353e-01  1.46683e-04  4.10147e-05 
  2.08604e-01  4.32655e-05  4.08365e-05 
  2.09855e-01  8.83185e-05  4.06926e-05 
  2.11105e-01  1.16934e-04  4.05791e-05 
  2.12356e-01  1.32225e-04  4.04922e-05 
  2.13607e-01  1.42440e-04  4.04279e-05 
  2.14857e-01  1.80197e-04  4.03821e-05 
  2.16108e-01  3.58169e-05  4.03509e-05 
  2.17358e-01  5.25614e-05  4.03305e-05 
  2.18609e-01  1.37125e-04  4.03171e-05 
  2.19860e-01  9.67799e-05  4.03074e-05 
  2.21110e-01  1.54252e-04  4.02982e-05 
  2.22361e-01  6.34086e-05  4.02867e-05 
  2.23612e-01  5.78244e-05  4.02704e-05 
  2.24862e-01  1.61051e-04  4.02471e-05 
  2.26113e-01  1.68500e-04  4.02150e-05 
  2.27363e-01  1.48714e-04  4.01724e-05 
  2.28614e-01  1.28651e-04  4.01182e-05 
  2.29865e-01  1.74820e-04  4.00515e-05 
  2.31115e-01  1.54665e-04  3.99717e-05 
  2.32366e-01  1.22591e-04  3.98785e-05 
  2.33617e-01  1.59979e-04  3.97716e-05 
  2.34867e-01  7.45469e-05  3.96514e-05 
  2.36118e-01  1.30804e-04  3.95183e-05 
  2.37368e-01  1.91887e-04  3.93726e-05 
  2.38619e-01  2.33479e-04  3.92153e-05 
  2.39870e-01  8.56692e-05  3.90472e-05 
  2.41120e-01  1.51764e-04  3.88693e-05 
  2.42371e-01  1.42513e-04  3.86827e-05 
  2.43622e-01  1.08282e-04  3.84886e-05 
  2.44872e-01  7.91602e-05  3.82883e-05 
  2.46123e-01  1.01822e-04  3.80831e-05 
  2.47373e-01  1.12054e-04  3.78743e-05 
  2.48624e-01  6.68906e-05  3.76631e-05 
  2.49875e-01  7.31870e-05  3.74510e-05 
  2.51125e-01  8.54666e-05  3.72391e-05 
  2.52376e-01  6.74072e-05  3.70287e-05 
  2.53627e-01  9.20470e-05  3.68209e-05 
  2.54877e-01  6.93970e-06  3.66168e-05 
  2.56128e-01  1.07062e-04  3.64174e-05 
  2.57378e-01  8.70672e-05  3.62236e-05 
  2.58629e-01  6.73198e-05  3.60362e-05 
  2.59880e-01  5.48518e-05  3.58558e-05 
  2.61130e-01  8.71722e-05  3.56830e-05 
  2.62381e-01  5.80361e-05  3.55183e-05 
  2.63632e-01  6.56318e-05  3.53619e-05 
  2.64882e-01  3.36655e-05  3.52141e-05 
  2.66133e-01  7.35592e-05  3.50750e-05 
  2.67383e-01  4.98592e-05  3.49445e-05 
  2.68634e-01  8.29023e-05  3.48226e-05 
  2.69885e-01  3.86114e-05  3.47090e-05 
  2.71135e-01  7.97307e-05  3.46034e-05 
  2.72386e-01  9.09527e-05  3.45055e-05 
  2.73637e-01  1.14848e-05  3.44146e-05 
  2.74887e-01  8.90996e-05  3.43305e-05 
  2.76138e-01  3.21101e-05  3.42523e-05 
  2.77388e-01  6.86098e-05  3.41796e-05 
  2.78639e-01  1.88507e-05  3.41117e-05 
  2.79890e-01  1.09184e-04  3.40479e-05 
  2.81140e-01  5.90437e-05  3.39875e-05 
  2.82391e-01  5.77997e-05  3.39298e-05 
  2.83642e-01  1.28340e-04  3.38742e-05 
  2.84892e-01  8.65473e-05  3.38200e-05 
  2.86143e-01  6.20207e-05  3.37664e-05 
  2.87393e-01  8.31526e-05  3.37130e-05 
  2.88644e-01  1.04460e-04  3.36591e-05 
  2.89895e-01  8.46089e-05  3.36041e-05 
  2.91145e-01  -3.27127e-06 3.35476e-05 
  2.92396e-01  7.44086e-05  3.34891e-05 
  2.93647e-01  3.40172e-05  3.34282e-05 
  2.94897e-01  3.60448e-05  3.33645e-05 
  2.96148e-01  5.84364e-05  3.32978e-05 
  2.97398e-01  1.16166e-04  3.32278e-05 
  2.98649e-01  1.26765e-04  3.31542e-05 
  2.99900e-01  1.47829e-06  3.30771e-05 
  3.01150e-01  9.26009e-05  3.29963e-05 
  3.02401e-01  1.18596e-04  3.29118e-05 
  3.03652e-01  6.77292e-05  3.28237e-05 
  3.04902e-01  3.71954e-05  3.27320e-05 
  3.06153e-01  -4.72723e-05 3.26368e-05 
  3.07404e-01  4.48279e-05  3.25385e-05 
  3.08654e-01  3.71250e-05  3.24371e-05 
  3.09905e-01  9.92036e-05  3.23331e-05 
  3.11155e-01  4.71467e-05  3.22266e-05 
  3.12406e-01  4.43124e-05  3.21181e-05 
  3.13657e-01  -5.05372e-05 3.20078e-05 
  3.14907e-01  4.06885e-05  3.18963e-05 
  3.16158e-01  3.51809e-05  3.17838e-05 
  3.17409e-01  -4.91774e-07 3.16709e-05 
  3.18659e-01  3.03455e-05  3.15580e-05 
  3.19910e-01  6.00328e-05  3.14454e-05 
  3.21160e-01  5.64641e-05  3.13336e-05 
  3.22411e-01  -1.04039e-05 3.12230e-05 
  3.23662e-01  3.69622e-05  3.11140e-05 
  3.24912e-01  2.96096e-05  3.10071e-05 
  3.26163e-01  3.05257e-05  3.09025e-05 
  3.27414e-01  -3.90881e-05 3.08006e-05 
  3.28664e-01  2.13133e-05  3.07016e-05 
  3.29915e-01  6.72122e-05  3.06059e-05 
  3.31165e-01  1.16920e-05  3.05137e-05 
  3.32416e-01  7.04369e-05  3.04251e-05 
  3.33667e-01  3.45048e-05  3.03403e-05 
  3.34917e-01  -1.82916e-05 3.02594e-05 
  3.36168e-01  3.02322e-05  3.01824e-05 
  3.37419e-01  1.40525e-05  3.01093e-05 
  3.38669e-01  5.45645e-05  3.00401e-05 
  3.39920e-01  2.47534e-05  2.99747e-05 
  3.41170e-01  7.19312e-06  2.99129e-05 
  3.42421e-01  1.95075e-05  2.98547e-05 
  3.43672e-01  1.78194e-05  2.97998e-05 
  3.44922e-01  -2.50349e-05 2.97480e-05 
  3.46173e-01  6.22446e-06  2.96990e-05 
  3.47424e-01  1.49579e-05  2.96526e-05 
  3.48674e-01  -2.31271e-05 2.96085e-05 
  3.49925e-01  4.14430e-05  2.95663e-05 
  3.51175e-01  1.58276e-05  2.95258e-05 
  3.52426e-01  3.68368e-05  2.94867e-05 
  3.53677e-01  5.64883e-05  2.94485e-05 
  3.54927e-01  -9.12191e-06 2.94111e-05 
  3.56178e-01  -2.05163e-05 2.93741e-05 
  3.57429e-01  -6.63862e-05 2.93372e-05 
  3.58679e-01  -1.88830e-05 2.93002e-05 
  3.59930e-01  9.90939e-06  2.92627e-05 
  3.61180e-01  4.38346e-06  2.92247e-05 
  3.62431e-01  8.50768e-05  2.91859e-05 
  3.63682e-01  -9.46416e-06 2.91461e-05 
  3.64932e-01  -2.57145e-05 2.91051e-05 
  3.66183e-01  6.13357e-06  2.90630e-05 
  3.67434e-01  3.64023e-05  2.90195e-05 
  3.68684e-01  3.09395e-05  2.89747e-05 
  3.69935e-01  3.40964e-05  2.89285e-05 
  3.71185e-01  3.40880e-05  2.88810e-05 
  3.72436e-01  -1.40395e-05 2.88321e-05 
  3.73687e-01  1.96269e-05  2.87820e-05 
  3.74937e-01  2.94214e-05  2.87308e-05 
  3.76188e-01  4.86765e-05  2.86785e-05 
  3.77439e-01  8.11643e-07  2.86252e-05 
  3.78689e-01  4.06505e-05  2.85713e-05 
  3.79940e-01  5.97142e-05  2.85167e-05 
  3.81190e-01  -1.41150e-05 2.84617e-05 
  3.82441e-01  -2.51544e-05 2.84064e-05 
  3.83692e-01  1.85800e-06  2.83510e-05 
  3.84942e-01  4.10487e-05  2.82958e-05 
  3.86193e-01  7.19755e-06  2.82408e-05 
  3.87444e-01  -2.42725e-05 2.81863e-05 
  3.88694e-01  -1.48888e-05 2.81324e-05 
  3.89945e-01  1.59963e-05  2.80792e-05 
  3.91195e-01  7.54212e-06  2.80270e-05 
  3.92446e-01  -6.50503e-06 2.79757e-05 
  3.93697e-01  1.66182e-05  2.79256e-05 
  3.94947e-01  4.28608e-05  2.78767e-05 
  3.96198e-01  3.79558e-05  2.78290e-05 
  3.97449e-01  3.49432e-05  2.77827e-05 
  3.98699e-01  7.20252e-06  2.77376e-05 
  3.99950e-01  7.43220e-05  2.76939e-05 
  4.01201e-01  -4.34418e-05 2.76515e-05 
  4.02451e-01  2.01924e-05  2.76103e-05 
  4.03702e-01  -2.20627e-05 2.75704e-05 
  4.04952e-01  3.09619e-05  2.75315e-05 
  4.06203e-01  -1.49431e-05 2.74937e-05 
  4.07454e-01  5.99392e-06  2.74568e-05 
  4.08704e-01  3.84272e-05  2.74207e-05 
  4.09955e-01  7.68644e-05  2.73853e-05 
  4.11206e-01  2.14904e-05  2.73504e-05 
  4.12456e-01  3.60481e-07  2.73160e-05 
  4.13707e-01  2.78688e-05  2.72818e-05 
  4.14957e-01  -7.65295e-06 2.72479e-05 
  4.16208e-01  -1.85010e-05 2.72139e-05 
  4.17459e-01  2.13464e-05  2.71799e-05 
  4.18709e-01  2.06918e-06  2.71456e-05 
  4.19960e-01  -2.78283e-05 2.71111e-05 
  4.21211e-01  3.06952e-05  2.70761e-05 
  4.22461e-01  2.55301e-05  2.70406e-05 
  4.23712e-01  4.84561e-05  2.70046e-05 
  4.24962e-01  5.59774e-05  2.69680e-05 
  4.26213e-01  5.17246e-05  2.69308e-05 
  4.27464e-01  3.36828e-05  2.68928e-05 
  4.28714e-01  1.40845e-05  2.68542e-05 
  4.29965e-01  -3.30155e-05 2.68150e-05 
  4.31216e-01  1.59291e-05  2.67751e-05 
  4.32466e-01  4.22926e-05  2.67346e-05 
  4.33717e-01  1.76102e-05  2.66935e-05 
  4.34967e-01  -3.26139e-06 2.66519e-05 
  4.36218e-01  -8.40474e-06 2.66099e-05 
  4.37469e-01  2.87974e-05  2.65676e-05 
  4.38719e-01  5.06550e-05  2.65250e-05 
  4.39970e-01  6.43827e-05  2.64823e-05 
  4.41221e-01  1.89200e-05  2.64395e-05 
  4.42471e-01  -1.12497e-06 2.63967e-05 
  4.43722e-01  6.27346e-05  2.63541e-05 
  4.44972e-01  5.13491e-05  2.63116e-05 
  4.46223e-01  7.05936e-05  2.62695e-05 
  4.47474e-01  2.24311e-05  2.62278e-05 
  4.48724e-01  -3.24983e-05 2.61866e-05 
  4.49975e-01  4.51974e-05  2.61460e-05 
  4.51226e-01  8.56246e-06  2.61060e-05 
  4.52476e-01  7.03139e-05  2.60666e-05 
  4.53727e-01  -4.71522e-05 2.60280e-05 
  4.54977e-01  -3.40339e-06 2.59901e-05 
  4.56228e-01  -4.57619e-06 2.59530e-05 
  4.57479e-01  3.71974e-05  2.59167e-05 
  4.58729e-01  2.29860e-05  2.58811e-05 
  4.59980e-01  -2.96245e-06 2.58463e-05 
  4.61231e-01  -2.00136e-05 2.58123e-05 
  4.62481e-01  2.58271e-05  2.57789e-05 
  4.63732e-01  3.18802e-05  2.57462e-05 
  4.64982e-01  4.54549e-05  2.57140e-05 
  4.66233e-01  2.62008e-05  2.56824e-05 
  4.67484e-01  1.51212e-06  2.56512e-05 
  4.68734e-01  -7.60331e-07 2.56203e-05 
  4.69985e-01  1.83441e-05  2.55897e-05 
  4.71236e-01  2.62129e-05  2.55594e-05 
  4.72486e-01  4.31634e-05  2.55291e-05 
  4.73737e-01  7.35484e-05  2.54989e-05 
  4.74987e-01  2.84424e-05  2.54686e-05 
  4.76238e-01  1.70517e-05  2.54382e-05 
  4.77489e-01  -1.50823e-05 2.54075e-05 
  4.78739e-01  6.99305e-06  2.53765e-05 
  4.79990e-01  4.72126e-05  2.53452e-05 
  4.81241e-01  4.13967e-05  2.53135e-05 
  4.82491e-01  2.25167e-05  2.52813e-05 
  4.83742e-01  2.55451e-05  2.52486e-05 
  4.84992e-01  -6.89976e-06 2.52154e-05 
  4.86243e-01  4.28486e-06  2.51816e-05 
  4.87494e-01  6.71225e-06  2.51472e-05 
  4.88744e-01  7.72062e-06  2.51123e-05 
  4.89995e-01  6.37428e-05  2.50767e-05 
  4.91246e-01  5.19865e-05  2.50407e-05 
  4.92496e-01  5.25446e-05  2.50041e-05 
  4.93747e-01  3.90632e-05  2.49670e-05 
  4.94997e-01  5.18872e-06  2.49294e-05 
  4.96248e-01  3.90748e-06  2.48915e-05 
  4.97499e-01  3.42374e-05  2.48532e-05 
  4.98749e-01  -6.09178e-06 2.48146e-05 
  5.00000e-01  4.47218e-05  2.47758e-05 
