# Theoretical SAS data
# q            I           
  1.00000e-03  9.99819e-01 
  2.25063e-03  9.99083e-01 
  3.50125e-03  9.97783e-01 
  4.75188e-03  9.95919e-01 
  6.00251e-03  9.93495e-01 
  7.25313e-03  9.90515e-01 
  8.50376e-03  9.86982e-01 
  9.75439e-03  9.82901e-01 
  1.10050e-02  9.78279e-01 
  1.22556e-02  9.73123e-01 
  1.35063e-02  9.67439e-01 
  1.47569e-02  9.61236e-01 
  1.60075e-02  9.54522e-01 
  1.72581e-02  9.47308e-01 
  1.85088e-02  9.39603e-01 
  1.97594e-02  9.31419e-01 
  2.10100e-02  9.22768e-01 
  2.22607e-02  9.13660e-01 
  2.35113e-02  9.04110e-01 
  2.47619e-02  8.94130e-01 
  2.60125e-02  8.83735e-01 
  2.72632e-02  8.72939e-01 
  2.85138e-02  8.61757e-01 
  2.97644e-02  8.50204e-01 
  3.10150e-02  8.38296e-01 
  3.22657e-02  8.26049e-01 
  3.35163e-02  8.13480e-01 
  3.47669e-02  8.00605e-01 
  3.60175e-02  7.87443e-01 
  3.72682e-02  7.74009e-01 
  3.85188e-02  7.60323e-01 
  3.97694e-02  7.46401e-01 
  4.10201e-02  7.32262e-01 
  4.22707e-02  7.17924e-01 
  4.35213e-02  7.03405e-01 
  4.47719e-02  6.88723e-01 
  4.60226e-02  6.73897e-01 
  4.72732e-02  6.58945e-01 
  4.85238e-02  6.43885e-01 
  4.97744e-02  6.28735e-01 
  5.10251e-02  6.13513e-01 
  5.22757e-02  5.98238e-01 
  5.35263e-02  5.82927e-01 
  5.47769e-02  5.67597e-01 
  5.60276e-02  5.52266e-01 
  5.72782e-02  5.36951e-01 
  5.85288e-02  5.21668e-01 
  5.97794e-02  5.06434e-01 
  6.10301e-02  4.91264e-01 
  6.22807e-02  4.76176e-01 
  6.35313e-02  4.61183e-01 
  6.47820e-02  4.46301e-01 
  6.60326e-02  4.31544e-01 
  6.72832e-02  4.16926e-01 
  6.85338e-02  4.02461e-01 
  6.97845e-02  3.88162e-01 
  7.10351e-02  3.74040e-01 
  7.22857e-02  3.60108e-01 
  7.35363e-02  3.46378e-01 
  7.47870e-02  3.32860e-01 
  7.60376e-02  3.19565e-01 
  7.72882e-02  3.06501e-01 
  7.85388e-02  2.93679e-01 
  7.97895e-02  2.81107e-01 
  8.10401e-02  2.68793e-01 
  8.22907e-02  2.56743e-01 
  8.35414e-02  2.44966e-01 
  8.47920e-02  2.33466e-01 
  8.60426e-02  2.22250e-01 
  8.72932e-02  2.11322e-01 
  8.85439e-02  2.00687e-01 
  8.97945e-02  1.90349e-01 
  9.10451e-02  1.80309e-01 
  9.22957e-02  1.70572e-01 
  9.35464e-02  1.61139e-01 
  9.47970e-02  1.52012e-01 
  9.60476e-02  1.43190e-01 
  9.72982e-02  1.34675e-01 
  9.85489e-02  1.26467e-01 
  9.97995e-02  1.18565e-01 
  1.01050e-01  1.10966e-01 
  1.02301e-01  1.03671e-01 
  1.03551e-01  9.66757e-02 
  1.04802e-01  8.99784e-02 
  1.06053e-01  8.35758e-02 
  1.07303e-01  7.74644e-02 
  1.08554e-01  7.16403e-02 
  1.09805e-01  6.60991e-02 
  1.11055e-01  6.08361e-02 
  1.12306e-01  5.58464e-02 
  1.13556e-01  5.11246e-02 
  1.14807e-01  4.66651e-02 
  1.16058e-01  4.24619e-02 
  1.17308e-01  3.85088e-02 
  1.18559e-01  3.47995e-02 
  1.19810e-01  3.13273e-02 
  1.21060e-01  2.80853e-02 
  1.22311e-01  2.50665e-02 
  1.23561e-01  2.22637e-02 
  1.24812e-01  1.96697e-02 
  1.26063e-01  1.72770e-02 
  1.27313e-01  1.50782e-02 
  1.28564e-01  1.30655e-02 
  1.29815e-01  1.12315e-02 
  1.31065e-01  9.56830e-03 
  1.32316e-01  8.06839e-03 
  1.33566e-01  6.72402e-03 
  1.34817e-01  5.52754e-03 
  1.36068e-01  4.47132e-03 
  1.37318e-01  3.54781e-03 
  1.38569e-01  2.74951e-03 
  1.39820e-01  2.06901e-03 
  1.41070e-01  1.49901e-03 
  1.42321e-01  1.03231e-03 
  1.43571e-01  6.61861e-04 
  1.44822e-01  3.80742e-04 
  1.46073e-01  1.82187e-04 
  1.47323e-01  5.95961e-05 
  1.48574e-01  6.54230e-06 
  1.49825e-01  1.67834e-05 
  1.51075e-01  8.42695e-05 
  1.52326e-01  2.03151e-04 
  1.53576e-01  3.67785e-04 
  1.54827e-01  5.72742e-04 
  1.56078e-01  8.12812e-04 
  1.57328e-01  1.08301e-03 
  1.58579e-01  1.37857e-03 
  1.59830e-01  1.69496e-03 
  1.61080e-01  2.02789e-03 
  1.62331e-01  2.37330e-03 
  1.63581e-01  2.72734e-03 
  1.64832e-01  3.08643e-03 
  1.66083e-01  3.44720e-03 
  1.67333e-01  3.80653e-03 
  1.68584e-01  4.16152e-03 
  1.69835e-01  4.50949e-03 
  1.71085e-01  4.84800e-03 
  1.72336e-01  5.17484e-03 
  1.73586e-01  5.48798e-03 
  1.74837e-01  5.78563e-03 
  1.76088e-01  6.06622e-03 
  1.77338e-01  6.32834e-03 
  1.78589e-01  6.57081e-03 
  1.79840e-01  6.79264e-03 
  1.81090e-01  6.99299e-03 
  1.82341e-01  7.17122e-03 
  1.83591e-01  7.32686e-03 
  1.84842e-01  7.45958e-03 
  1.86093e-01  7.56923e-03 
  1.87343e-01  7.65578e-03 
  1.88594e-01  7.71935e-03 
  1.89845e-01  7.76018e-03 
  1.91095e-01  7.77863e-03 
  1.92346e-01  7.77517e-03 
  1.93596e-01  7.75039e-03 
  1.94847e-01  7.70495e-03 
  1.96098e-01  7.63961e-03 
  1.97348e-01  7.55520e-03 
  1.98599e-01  7.45263e-03 
  1.99850e-01  7.33286e-03 
  2.01100e-01  7.19691e-03 
  2.02351e-01  7.04584e-03 
  2.03602e-01  6.88075e-03 
  2.04852e-01  6.70277e-03 
  2.06103e-01  6.51306e-03 
  2.07353e-01  6.31279e-03 
  2.08604e-01  6.10314e-03 
  2.09855e-01  5.88530e-03 
  2.11105e-01  5.66044e-03 
  2.12356e-01  5.42974e-03 
  2.13607e-01  5.19435e-03 
  2.14857e-01  4.95542e-03 
  2.16108e-01  4.71405e-03 
  2.17358e-01  4.47134e-03 
  2.18609e-01  4.22833e-03 
  2.19860e-01  3.98604e-03 
  2.21110e-01  3.74544e-03 
  2.22361e-01  3.50747e-03 
  2.23612e-01  3.27300e-03 
  2.24862e-01  3.04288e-03 
  2.26113e-01  2.81789e-03 
  2.27363e-01  2.59876e-03 
  2.28614e-01  2.38616e-03 
  2.29865e-01  2.18071e-03 
  2.31115e-01  1.98299e-03 
  2.32366e-01  1.79348e-03 
  2.33617e-01  1.61265e-03 
  2.34867e-01  1.44088e-03 
  2.36118e-01  1.27851e-03 
  2.37368e-01  1.12581e-03 
  2.38619e-01  9.83010e-04 
  2.39870e-01  8.50268e-04 
  2.41120e-01  7.27699e-04 
  2.42371e-01  6.15363e-04 
  2.43622e-01  5.13269e-04 
  2.44872e-01  4.21378e-04 
  2.46123e-01  3.39602e-04 
  2.47373e-01  2.67812e-04 
  2.48624e-01  2.05832e-04 
  2.49875e-01  1.53450e-04 
  2.51125e-01  1.10414e-04 
  2.52376e-01  7.64380e-05 
  2.53627e-01  5.12034e-05 
  2.54877e-01  3.43619e-05 
  2.56128e-01  2.55385e-05 
  2.57378e-01  2.43340e-05 
  2.58629e-01  3.03281e-05 
  2.59880e-01  4.30819e-05 
  2.61130e-01  6.21409e-05 
  2.62381e-01  8.70375e-05 
  2.63632e-01  1.17294e-04 
  2.64882e-01  1.52426e-04 
  2.66133e-01  1.91943e-04 
  2.67383e-01  2.35354e-04 
  2.68634e-01  2.82165e-04 
  2.69885e-01  3.31888e-04 
  2.71135e-01  3.84039e-04 
  2.72386e-01  4.38141e-04 
  2.73637e-01  4.93724e-04 
  2.74887e-01  5.50334e-04 
  2.76138e-01  6.07526e-04 
  2.77388e-01  6.64871e-04 
  2.78639e-01  7.21957e-04 
  2.79890e-01  7.78390e-04 
  2.81140e-01  8.33793e-04 
  2.82391e-01  8.87814e-04 
  2.83642e-01  9.40117e-04 
  2.84892e-01  9.90392e-04 
  2.86143e-01  1.03835e-03 
  2.87393e-01  1.08373e-03 
  2.88644e-01  1.12629e-03 
  2.89895e-01  1.16582e-03 
  2.91145e-01  1.20212e-03 
  2.92396e-01  1.23503e-03 
  2.93647e-01  1.26442e-03 
  2.94897e-01  1.29016e-03 
  2.96148e-01  1.31216e-03 
  2.97398e-01  1.33036e-03 
  2.98649e-01  1.34472e-03 
  2.99900e-01  1.35522e-03 
  3.01150e-01  1.36186e-03 
  3.02401e-01  1.36466e-03 
  3.03652e-01  1.36367e-03 
  3.04902e-01  1.35896e-03 
  3.06153e-01  1.35061e-03 
  3.07404e-01  1.33872e-03 
  3.08654e-01  1.32342e-03 
  3.09905e-01  1.30483e-03 
  3.11155e-01  1.28311e-03 
  3.12406e-01  1.25842e-03 
  3.13657e-01  1.23093e-03 
  3.14907e-01  1.20082e-03 
  3.16158e-01  1.16830e-03 
  3.17409e-01  1.13356e-03 
  3.18659e-01  1.09682e-03 
  3.19910e-01  1.05828e-03 
  3.21160e-01  1.01816e-03 
  3.22411e-01  9.76685e-04 
  3.23662e-01  9.34079e-04 
  3.24912e-01  8.90561e-04 
  3.26163e-01  8.46355e-04 
  3.27414e-01  8.01679e-04 
  3.28664e-01  7.56750e-04 
  3.29915e-01  7.11781e-04 
  3.31165e-01  6.66978e-04 
  3.32416e-01  6.22543e-04 
  3.33667e-01  5.78670e-04 
  3.34917e-01  5.35544e-04 
  3.36168e-01  4.93344e-04 
  3.37419e-01  4.52238e-04 
  3.38669e-01  4.12385e-04 
  3.39920e-01  3.73931e-04 
  3.41170e-01  3.37015e-04 
  3.42421e-01  3.01762e-04 
  3.43672e-01  2.68286e-04 
  3.44922e-01  2.36687e-04 
  3.46173e-01  2.07057e-04 
  3.47424e-01  1.79473e-04 
  3.48674e-01  1.53998e-04 
  3.49925e-01  1.30686e-04 
  3.51175e-01  1.09576e-04 
  3.52426e-01  9.06957e-05 
  3.53677e-01  7.40613e-05 
  3.54927e-01  5.96761e-05 
  3.56178e-01  4.75321e-05 
  3.57429e-01  3.76103e-05 
  3.58679e-01  2.98807e-05 
  3.59930e-01  2.43029e-05 
  3.61180e-01  2.08264e-05 
  3.62431e-01  1.93917e-05 
  3.63682e-01  1.99301e-05 
  3.64932e-01  2.23647e-05 
  3.66183e-01  2.66109e-05 
  3.67434e-01  3.25771e-05 
  3.68684e-01  4.01653e-05 
  3.69935e-01  4.92717e-05 
  3.71185e-01  5.97877e-05 
  3.72436e-01  7.16001e-05 
  3.73687e-01  8.45921e-05 
  3.74937e-01  9.86441e-05 
  3.76188e-01  1.13634e-04 
  3.77439e-01  1.29438e-04 
  3.78689e-01  1.45932e-04 
  3.79940e-01  1.62991e-04 
  3.81190e-01  1.80491e-04 
  3.82441e-01  1.98309e-04 
  3.83692e-01  2.16323e-04 
  3.84942e-01  2.34413e-04 
  3.86193e-01  2.52463e-04 
  3.87444e-01  2.70360e-04 
  3.88694e-01  2.87995e-04 
  3.89945e-01  3.05261e-04 
  3.91195e-01  3.22060e-04 
  3.92446e-01  3.38295e-04 
  3.93697e-01  3.53877e-04 
  3.94947e-01  3.68722e-04 
  3.96198e-01  3.82752e-04 
  3.97449e-01  3.95896e-04 
  3.98699e-01  4.08088e-04 
  3.99950e-01  4.19271e-04 
  4.01201e-01  4.29394e-04 
  4.02451e-01  4.38412e-04 
  4.03702e-01  4.46288e-04 
  4.04952e-01  4.52992e-04 
  4.06203e-01  4.58500e-04 
  4.07454e-01  4.62797e-04 
  4.08704e-01  4.65873e-04 
  4.09955e-01  4.67725e-04 
  4.11206e-01  4.68358e-04 
  4.12456e-01  4.67782e-04 
  4.13707e-01  4.66014e-04 
  4.14957e-01  4.63076e-04 
  4.16208e-01  4.58998e-04 
  4.17459e-01  4.53812e-04 
  4.18709e-01  4.47557e-04 
  4.19960e-01  4.40278e-04 
  4.21211e-01  4.32022e-04 
  4.22461e-01  4.22842e-04 
  4.23712e-01  4.12793e-04 
  4.24962e-01  4.01935e-04 
  4.26213e-01  3.90329e-04 
  4.27464e-01  3.78041e-04 
  4.28714e-01  3.65137e-04 
  4.29965e-01  3.51686e-04 
  4.31216e-01  3.37757e-04 
  4.32466e-01  3.23421e-04 
  4.33717e-01  3.08750e-04 
  4.34967e-01  2.93815e-04 
  4.36218e-01  2.78687e-04 
  4.37469e-01  2.63437e-04 
  4.38719e-01  2.48134e-04 
  4.39970e-01  2.32846e-04 
  4.41221e-01  2.17641e-04 
  4.42471e-01  2.02583e-04 
  4.43722e-01  1.87734e-04 
  4.44972e-01  1.73155e-04 
  4.46223e-01  1.58903e-04 
  4.47474e-01  1.45031e-04 
  4.48724e-01  1.31592e-04 
  4.49975e-01  1.18632e-04 
  4.51226e-01  1.06195e-04 
  4.52476e-01  9.43214e-05 
  4.53727e-01  8.30482e-05 
  4.54977e-01  7.24075e-05 
  4.56228e-01  6.24275e-05 
  4.57479e-01  5.31328e-05 
  4.58729e-01  4.45433e-05 
  4.59980e-01  3.66753e-05 
  4.61231e-01  2.95406e-05 
  4.62481e-01  2.31470e-05 
  4.63732e-01  1.74986e-05 
  4.64982e-01  1.25951e-05 
  4.66233e-01  8.43250e-06 
  4.67484e-01  5.00321e-06 
  4.68734e-01  2.29588e-06 
  4.69985e-01  2.95715e-07 
  4.71236e-01  -1.01536e-06
  4.72486e-01  -1.65857e-06
  4.73737e-01  -1.65805e-06
  4.74987e-01  -1.04070e-06
  4.76238e-01  1.64056e-07 
  4.77489e-01  1.92449e-06 
  4.78739e-01  4.20677e-06 
  4.79990e-01  6.97523e-06 
  4.81241e-01  1.01926e-05 
  4.82491e-01  1.38201e-05 
  4.83742e-01  1.78181e-05 
  4.84992e-01  2.21458e-05 
  4.86243e-01  2.67618e-05 
  4.87494e-01  3.16244e-05 
  4.88744e-01  3.66916e-05 
  4.89995e-01  4.19215e-05 
  4.91246e-01  4.72726e-05 
  4.92496e-01  5.27038e-05 
  4.93747e-01  5.81746e-05 
  4.94997e-01  6.36455e-05 
  4.96248e-01  6.90783e-05 
  4.97499e-01  7.44358e-05 
  4.98749e-01  7.96826e-05 
  5.00000e-01  8.47845e-05 
