# r                 p(r)             
  3.14806e-01       4.45935e-06      
  9.44418e-01       3.17194e-05      
  1.57403e+00       8.34295e-05      
  2.20364e+00       1.60368e-04      
  2.83325e+00       2.60688e-04      
  3.46287e+00       3.84466e-04      
  4.09248e+00       5.23148e-04      
  4.72209e+00       6.90068e-04      
  5.35170e+00       8.68992e-04      
  5.98131e+00       1.06302e-03      
  6.61093e+00       1.27026e-03      
  7.24054e+00       1.49029e-03      
  7.87015e+00       1.74458e-03      
  8.49976e+00       1.97828e-03      
  9.12937e+00       2.23461e-03      
  9.75899e+00       2.51012e-03      
  1.03886e+01       2.78197e-03      
  1.10182e+01       3.06972e-03      
  1.16478e+01       3.35828e-03      
  1.22774e+01       3.64544e-03      
  1.29070e+01       3.93440e-03      
  1.35367e+01       4.22066e-03      
  1.41663e+01       4.54520e-03      
  1.47959e+01       4.82341e-03      
  1.54255e+01       5.14256e-03      
  1.60551e+01       5.42924e-03      
  1.66847e+01       5.72531e-03      
  1.73143e+01       6.01897e-03      
  1.79439e+01       6.29905e-03      
  1.85736e+01       6.59833e-03      
  1.92032e+01       6.85698e-03      
  1.98328e+01       7.13711e-03      
  2.04624e+01       7.39589e-03      
  2.10920e+01       7.64110e-03      
  2.17216e+01       7.87026e-03      
  2.23512e+01       8.08281e-03      
  2.29808e+01       8.30374e-03      
  2.36105e+01       8.52833e-03      
  2.42401e+01       8.71892e-03      
  2.48697e+01       8.88552e-03      
  2.54993e+01       9.04361e-03      
  2.61289e+01       9.19118e-03      
  2.67585e+01       9.32890e-03      
  2.73881e+01       9.46519e-03      
  2.80177e+01       9.56062e-03      
  2.86473e+01       9.64312e-03      
  2.92770e+01       9.72498e-03      
  2.99066e+01       9.78101e-03      
  3.05362e+01       9.84277e-03      
  3.11658e+01       9.84732e-03      
  3.17954e+01       9.85624e-03      
  3.24250e+01       9.85758e-03      
  3.30546e+01       9.82650e-03      
  3.36842e+01       9.79495e-03      
  3.43139e+01       9.72988e-03      
  3.49435e+01       9.62954e-03      
  3.55731e+01       9.50424e-03      
  3.62027e+01       9.39883e-03      
  3.68323e+01       9.25568e-03      
  3.74619e+01       9.11151e-03      
  3.80915e+01       8.95495e-03      
  3.87211e+01       8.74220e-03      
  3.93508e+01       8.56066e-03      
  3.99804e+01       8.34026e-03      
  4.06100e+01       8.08530e-03      
  4.12396e+01       7.85181e-03      
  4.18692e+01       7.62171e-03      
  4.24988e+01       7.34269e-03      
  4.31284e+01       7.05956e-03      
  4.37580e+01       6.74444e-03      
  4.43876e+01       6.48196e-03      
  4.50173e+01       6.14849e-03      
  4.56469e+01       5.86071e-03      
  4.62765e+01       5.52197e-03      
  4.69061e+01       5.19815e-03      
  4.75357e+01       4.86452e-03      
  4.81653e+01       4.52130e-03      
  4.87949e+01       4.18233e-03      
  4.94245e+01       3.82564e-03      
  5.00542e+01       3.48018e-03      
  5.06838e+01       3.14976e-03      
  5.13134e+01       2.81469e-03      
  5.19430e+01       2.49476e-03      
  5.25726e+01       2.17737e-03      
  5.32022e+01       1.87450e-03      
  5.38318e+01       1.58001e-03      
  5.44614e+01       1.31140e-03      
  5.50910e+01       1.05795e-03      
  5.57207e+01       8.23085e-04      
  5.63503e+01       6.16428e-04      
  5.69799e+01       4.31487e-04      
  5.76095e+01       2.78617e-04      
  5.82391e+01       1.52580e-04      
  5.88687e+01       6.62029e-05      
  5.94983e+01       1.49816e-05      
  6.01280e+01       1.98532e-07      
  6.07576e+01       0.00000e+00      
  6.13872e+01       0.00000e+00      
  6.20168e+01       0.00000e+00      
  6.26464e+01       0.00000e+00      
