# Theoretical SAS data
# q            I           
  1.00000e-03  9.99268e-01 
  2.25063e-03  9.96298e-01 
  3.50125e-03  9.91058e-01 
  4.75188e-03  9.83574e-01 
  6.00251e-03  9.73885e-01 
  7.25313e-03  9.62039e-01 
  8.50376e-03  9.48095e-01 
  9.75439e-03  9.32124e-01 
  1.10050e-02  9.14206e-01 
  1.22556e-02  8.94429e-01 
  1.35063e-02  8.72893e-01 
  1.47569e-02  8.49704e-01 
  1.60075e-02  8.24975e-01 
  1.72581e-02  7.98830e-01 
  1.85088e-02  7.71394e-01 
  1.97594e-02  7.42802e-01 
  2.10100e-02  7.13192e-01 
  2.22607e-02  6.82704e-01 
  2.35113e-02  6.51485e-01 
  2.47619e-02  6.19681e-01 
  2.60125e-02  5.87441e-01 
  2.72632e-02  5.54913e-01 
  2.85138e-02  5.22247e-01 
  2.97644e-02  4.89590e-01 
  3.10150e-02  4.57087e-01 
  3.22657e-02  4.24881e-01 
  3.35163e-02  3.93111e-01 
  3.47669e-02  3.61912e-01 
  3.60175e-02  3.31412e-01 
  3.72682e-02  3.01735e-01 
  3.85188e-02  2.72998e-01 
  3.97694e-02  2.45312e-01 
  4.10201e-02  2.18778e-01 
  4.22707e-02  1.93491e-01 
  4.35213e-02  1.69537e-01 
  4.47719e-02  1.46991e-01 
  4.60226e-02  1.25923e-01 
  4.72732e-02  1.06389e-01 
  4.85238e-02  8.84370e-02 
  4.97744e-02  7.21065e-02 
  5.10251e-02  5.74253e-02 
  5.22757e-02  4.44120e-02 
  5.35263e-02  3.30752e-02 
  5.47769e-02  2.34135e-02 
  5.60276e-02  1.54164e-02 
  5.72782e-02  9.06359e-03 
  5.85288e-02  4.32601e-03 
  5.97794e-02  1.16576e-03 
  6.10301e-02  -4.63332e-04
  6.22807e-02  -6.15328e-04
  6.35313e-02  6.48340e-04 
  6.47820e-02  3.25938e-03 
  6.60326e-02  7.14319e-03 
  6.72832e-02  1.22195e-02 
  6.85338e-02  1.84029e-02 
  6.97845e-02  2.56035e-02 
  7.10351e-02  3.37277e-02 
  7.22857e-02  4.26788e-02 
  7.35363e-02  5.23576e-02 
  7.47870e-02  6.26630e-02 
  7.60376e-02  7.34931e-02 
  7.72882e-02  8.47454e-02 
  7.85388e-02  9.63177e-02 
  7.97895e-02  1.08109e-01 
  8.10401e-02  1.20018e-01 
  8.22907e-02  1.31950e-01 
  8.35414e-02  1.43807e-01 
  8.47920e-02  1.55499e-01 
  8.60426e-02  1.66938e-01 
  8.72932e-02  1.78040e-01 
  8.85439e-02  1.88726e-01 
  8.97945e-02  1.98923e-01 
  9.10451e-02  2.08561e-01 
  9.22957e-02  2.17579e-01 
  9.35464e-02  2.25920e-01 
  9.47970e-02  2.33534e-01 
  9.60476e-02  2.40376e-01 
  9.72982e-02  2.46409e-01 
  9.85489e-02  2.51603e-01 
  9.97995e-02  2.55933e-01 
  1.01050e-01  2.59383e-01 
  1.02301e-01  2.61941e-01 
  1.03551e-01  2.63602e-01 
  1.04802e-01  2.64370e-01 
  1.06053e-01  2.64251e-01 
  1.07303e-01  2.63260e-01 
  1.08554e-01  2.61416e-01 
  1.09805e-01  2.58745e-01 
  1.11055e-01  2.55275e-01 
  1.12306e-01  2.51043e-01 
  1.13556e-01  2.46087e-01 
  1.14807e-01  2.40450e-01 
  1.16058e-01  2.34177e-01 
  1.17308e-01  2.27320e-01 
  1.18559e-01  2.19929e-01 
  1.19810e-01  2.12058e-01 
  1.21060e-01  2.03765e-01 
  1.22311e-01  1.95106e-01 
  1.23561e-01  1.86140e-01 
  1.24812e-01  1.76924e-01 
  1.26063e-01  1.67518e-01 
  1.27313e-01  1.57979e-01 
  1.28564e-01  1.48366e-01 
  1.29815e-01  1.38734e-01 
  1.31065e-01  1.29138e-01 
  1.32316e-01  1.19630e-01 
  1.33566e-01  1.10261e-01 
  1.34817e-01  1.01079e-01 
  1.36068e-01  9.21292e-02 
  1.37318e-01  8.34532e-02 
  1.38569e-01  7.50901e-02 
  1.39820e-01  6.70754e-02 
  1.41070e-01  5.94411e-02 
  1.42321e-01  5.22154e-02 
  1.43571e-01  4.54228e-02 
  1.44822e-01  3.90840e-02 
  1.46073e-01  3.32159e-02 
  1.47323e-01  2.78314e-02 
  1.48574e-01  2.29398e-02 
  1.49825e-01  1.85466e-02 
  1.51075e-01  1.46535e-02 
  1.52326e-01  1.12590e-02 
  1.53576e-01  8.35772e-03 
  1.54827e-01  5.94141e-03 
  1.56078e-01  3.99855e-03 
  1.57328e-01  2.51480e-03 
  1.58579e-01  1.47309e-03 
  1.59830e-01  8.53931e-04 
  1.61080e-01  6.35572e-04 
  1.62331e-01  7.94292e-04 
  1.63581e-01  1.30463e-03 
  1.64832e-01  2.13963e-03 
  1.66083e-01  3.27112e-03 
  1.67333e-01  4.66995e-03 
  1.68584e-01  6.30626e-03 
  1.69835e-01  8.14972e-03 
  1.71085e-01  1.01698e-02 
  1.72336e-01  1.23360e-02 
  1.73586e-01  1.46180e-02 
  1.74837e-01  1.69860e-02 
  1.76088e-01  1.94111e-02 
  1.77338e-01  2.18649e-02 
  1.78589e-01  2.43203e-02 
  1.79840e-01  2.67515e-02 
  1.81090e-01  2.91339e-02 
  1.82341e-01  3.14446e-02 
  1.83591e-01  3.36621e-02 
  1.84842e-01  3.57671e-02 
  1.86093e-01  3.77416e-02 
  1.87343e-01  3.95699e-02 
  1.88594e-01  4.12381e-02 
  1.89845e-01  4.27341e-02 
  1.91095e-01  4.40482e-02 
  1.92346e-01  4.51723e-02 
  1.93596e-01  4.61004e-02 
  1.94847e-01  4.68287e-02 
  1.96098e-01  4.73548e-02 
  1.97348e-01  4.76785e-02 
  1.98599e-01  4.78013e-02 
  1.99850e-01  4.77262e-02 
  2.01100e-01  4.74581e-02 
  2.02351e-01  4.70029e-02 
  2.03602e-01  4.63683e-02 
  2.04852e-01  4.55631e-02 
  2.06103e-01  4.45970e-02 
  2.07353e-01  4.34811e-02 
  2.08604e-01  4.22269e-02 
  2.09855e-01  4.08469e-02 
  2.11105e-01  3.93541e-02 
  2.12356e-01  3.77621e-02 
  2.13607e-01  3.60845e-02 
  2.14857e-01  3.43355e-02 
  2.16108e-01  3.25289e-02 
  2.17358e-01  3.06787e-02 
  2.18609e-01  2.87988e-02 
  2.19860e-01  2.69027e-02 
  2.21110e-01  2.50035e-02 
  2.22361e-01  2.31139e-02 
  2.23612e-01  2.12458e-02 
  2.24862e-01  1.94107e-02 
  2.26113e-01  1.76194e-02 
  2.27363e-01  1.58817e-02 
  2.28614e-01  1.42067e-02 
  2.29865e-01  1.26027e-02 
  2.31115e-01  1.10769e-02 
  2.32366e-01  9.63564e-03 
  2.33617e-01  8.28446e-03 
  2.34867e-01  7.02779e-03 
  2.36118e-01  5.86915e-03 
  2.37368e-01  4.81113e-03 
  2.38619e-01  3.85540e-03 
  2.39870e-01  3.00274e-03 
  2.41120e-01  2.25305e-03 
  2.42371e-01  1.60543e-03 
  2.43622e-01  1.05820e-03 
  2.44872e-01  6.08927e-04 
  2.46123e-01  2.54524e-04 
  2.47373e-01  -8.72499e-06
  2.48624e-01  -1.85092e-04
  2.49875e-01  -2.79348e-04
  2.51125e-01  -2.96696e-04
  2.52376e-01  -2.42710e-04
  2.53627e-01  -1.23266e-04
  2.54877e-01  5.55234e-05 
  2.56128e-01  2.87368e-04 
  2.57378e-01  5.65869e-04 
  2.58629e-01  8.84576e-04 
  2.59880e-01  1.23705e-03 
  2.61130e-01  1.61691e-03 
  2.62381e-01  2.01789e-03 
  2.63632e-01  2.43391e-03 
  2.64882e-01  2.85908e-03 
  2.66133e-01  3.28778e-03 
  2.67383e-01  3.71466e-03 
  2.68634e-01  4.13472e-03 
  2.69885e-01  4.54328e-03 
  2.71135e-01  4.93608e-03 
  2.72386e-01  5.30920e-03 
  2.73637e-01  5.65918e-03 
  2.74887e-01  5.98295e-03 
  2.76138e-01  6.27788e-03 
  2.77388e-01  6.54176e-03 
  2.78639e-01  6.77280e-03 
  2.79890e-01  6.96965e-03 
  2.81140e-01  7.13135e-03 
  2.82391e-01  7.25734e-03 
  2.83642e-01  7.34745e-03 
  2.84892e-01  7.40187e-03 
  2.86143e-01  7.42111e-03 
  2.87393e-01  7.40602e-03 
  2.88644e-01  7.35773e-03 
  2.89895e-01  7.27765e-03 
  2.91145e-01  7.16741e-03 
  2.92396e-01  7.02886e-03 
  2.93647e-01  6.86401e-03 
  2.94897e-01  6.67506e-03 
  2.96148e-01  6.46429e-03 
  2.97398e-01  6.23409e-03 
  2.98649e-01  5.98692e-03 
  2.99900e-01  5.72527e-03 
  3.01150e-01  5.45164e-03 
  3.02401e-01  5.16852e-03 
  3.03652e-01  4.87836e-03 
  3.04902e-01  4.58355e-03 
  3.06153e-01  4.28640e-03 
  3.07404e-01  3.98913e-03 
  3.08654e-01  3.69383e-03 
  3.09905e-01  3.40248e-03 
  3.11155e-01  3.11692e-03 
  3.12406e-01  2.83881e-03 
  3.13657e-01  2.56970e-03 
  3.14907e-01  2.31095e-03 
  3.16158e-01  2.06373e-03 
  3.17409e-01  1.82909e-03 
  3.18659e-01  1.60786e-03 
  3.19910e-01  1.40074e-03 
  3.21160e-01  1.20825e-03 
  3.22411e-01  1.03073e-03 
  3.23662e-01  8.68405e-04 
  3.24912e-01  7.21316e-04 
  3.26163e-01  5.89383e-04 
  3.27414e-01  4.72391e-04 
  3.28664e-01  3.70006e-04 
  3.29915e-01  2.81783e-04 
  3.31165e-01  2.07182e-04 
  3.32416e-01  1.45573e-04 
  3.33667e-01  9.62523e-05 
  3.34917e-01  5.84546e-05 
  3.36168e-01  3.13620e-05 
  3.37419e-01  1.41174e-05 
  3.38669e-01  5.83531e-06 
  3.39920e-01  5.61289e-06 
  3.41170e-01  1.25402e-05 
  3.42421e-01  2.57101e-05 
  3.43672e-01  4.42273e-05 
  3.44922e-01  6.72172e-05 
  3.46173e-01  9.38327e-05 
  3.47424e-01  1.23262e-04 
  3.48674e-01  1.54735e-04 
  3.49925e-01  1.87526e-04 
  3.51175e-01  2.20962e-04 
  3.52426e-01  2.54422e-04 
  3.53677e-01  2.87343e-04 
  3.54927e-01  3.19221e-04 
  3.56178e-01  3.49610e-04 
  3.57429e-01  3.78125e-04 
  3.58679e-01  4.04441e-04 
  3.59930e-01  4.28291e-04 
  3.61180e-01  4.49465e-04 
  3.62431e-01  4.67807e-04 
  3.63682e-01  4.83216e-04 
  3.64932e-01  4.95636e-04 
  3.66183e-01  5.05060e-04 
  3.67434e-01  5.11522e-04 
  3.68684e-01  5.15093e-04 
  3.69935e-01  5.15879e-04 
  3.71185e-01  5.14017e-04 
  3.72436e-01  5.09668e-04 
  3.73687e-01  5.03014e-04 
  3.74937e-01  4.94256e-04 
  3.76188e-01  4.83607e-04 
  3.77439e-01  4.71289e-04 
  3.78689e-01  4.57533e-04 
  3.79940e-01  4.42567e-04 
  3.81190e-01  4.26622e-04 
  3.82441e-01  4.09924e-04 
  3.83692e-01  3.92693e-04 
  3.84942e-01  3.75138e-04 
  3.86193e-01  3.57460e-04 
  3.87444e-01  3.39845e-04 
  3.88694e-01  3.22468e-04 
  3.89945e-01  3.05487e-04 
  3.91195e-01  2.89044e-04 
  3.92446e-01  2.73265e-04 
  3.93697e-01  2.58261e-04 
  3.94947e-01  2.44125e-04 
  3.96198e-01  2.30934e-04 
  3.97449e-01  2.18752e-04 
  3.98699e-01  2.07624e-04 
  3.99950e-01  1.97583e-04 
  4.01201e-01  1.88649e-04 
  4.02451e-01  1.80829e-04 
  4.03702e-01  1.74121e-04 
  4.04952e-01  1.68509e-04 
  4.06203e-01  1.63974e-04 
  4.07454e-01  1.60484e-04 
  4.08704e-01  1.58006e-04 
  4.09955e-01  1.56498e-04 
  4.11206e-01  1.55915e-04 
  4.12456e-01  1.56212e-04 
  4.13707e-01  1.57338e-04 
  4.14957e-01  1.59243e-04 
  4.16208e-01  1.61878e-04 
  4.17459e-01  1.65193e-04 
  4.18709e-01  1.69138e-04 
  4.19960e-01  1.73667e-04 
  4.21211e-01  1.78734e-04 
  4.22461e-01  1.84295e-04 
  4.23712e-01  1.90310e-04 
  4.24962e-01  1.96738e-04 
  4.26213e-01  2.03543e-04 
  4.27464e-01  2.10690e-04 
  4.28714e-01  2.18146e-04 
  4.29965e-01  2.25878e-04 
  4.31216e-01  2.33857e-04 
  4.32466e-01  2.42053e-04 
  4.33717e-01  2.50438e-04 
  4.34967e-01  2.58982e-04 
  4.36218e-01  2.67656e-04 
  4.37469e-01  2.76433e-04 
  4.38719e-01  2.85281e-04 
  4.39970e-01  2.94170e-04 
  4.41221e-01  3.03068e-04 
  4.42471e-01  3.11942e-04 
  4.43722e-01  3.20756e-04 
  4.44972e-01  3.29475e-04 
  4.46223e-01  3.38060e-04 
  4.47474e-01  3.46473e-04 
  4.48724e-01  3.54673e-04 
  4.49975e-01  3.62620e-04 
  4.51226e-01  3.70271e-04 
  4.52476e-01  3.77585e-04 
  4.53727e-01  3.84520e-04 
  4.54977e-01  3.91035e-04 
  4.56228e-01  3.97091e-04 
  4.57479e-01  4.02648e-04 
  4.58729e-01  4.07671e-04 
  4.59980e-01  4.12128e-04 
  4.61231e-01  4.15989e-04 
  4.62481e-01  4.19228e-04 
  4.63732e-01  4.21824e-04 
  4.64982e-01  4.23762e-04 
  4.66233e-01  4.25030e-04 
  4.67484e-01  4.25625e-04 
  4.68734e-01  4.25549e-04 
  4.69985e-01  4.24808e-04 
  4.71236e-01  4.23420e-04 
  4.72486e-01  4.21405e-04 
  4.73737e-01  4.18792e-04 
  4.74987e-01  4.15617e-04 
  4.76238e-01  4.11922e-04 
  4.77489e-01  4.07756e-04 
  4.78739e-01  4.03173e-04 
  4.79990e-01  3.98234e-04 
  4.81241e-01  3.93002e-04 
  4.82491e-01  3.87549e-04 
  4.83742e-01  3.81946e-04 
  4.84992e-01  3.76270e-04 
  4.86243e-01  3.70599e-04 
  4.87494e-01  3.65011e-04 
  4.88744e-01  3.59585e-04 
  4.89995e-01  3.54401e-04 
  4.91246e-01  3.49533e-04 
  4.92496e-01  3.45055e-04 
  4.93747e-01  3.41037e-04 
  4.94997e-01  3.37543e-04 
  4.96248e-01  3.34633e-04 
  4.97499e-01  3.32357e-04 
  4.98749e-01  3.30761e-04 
  5.00000e-01  3.29881e-04 
