# r                 p(r)             
  5.24555e-01       0.00000e+00      
  1.57366e+00       3.91425e-03      
  2.62277e+00       1.41706e-02      
  3.67188e+00       3.09571e-02      
  4.72099e+00       5.29157e-02      
  5.77010e+00       8.05311e-02      
  6.81921e+00       1.12137e-01      
  7.86832e+00       1.47584e-01      
  8.91743e+00       1.86689e-01      
  9.96654e+00       2.28817e-01      
  1.10156e+01       2.73287e-01      
  1.20648e+01       3.20006e-01      
  1.31139e+01       3.66713e-01      
  1.41630e+01       4.14563e-01      
  1.52121e+01       4.63417e-01      
  1.62612e+01       5.13463e-01      
  1.73103e+01       5.61935e-01      
  1.83594e+01       6.09442e-01      
  1.94085e+01       6.56654e-01      
  2.04576e+01       7.02095e-01      
  2.15067e+01       7.44544e-01      
  2.25558e+01       7.83092e-01      
  2.36050e+01       8.21114e-01      
  2.46541e+01       8.57046e-01      
  2.57032e+01       8.86781e-01      
  2.67523e+01       9.14048e-01      
  2.78014e+01       9.39688e-01      
  2.88505e+01       9.58671e-01      
  2.98996e+01       9.75193e-01      
  3.09487e+01       9.89255e-01      
  3.19978e+01       9.95533e-01      
  3.30469e+01       1.00000e+00      
  3.40960e+01       9.99875e-01      
  3.51452e+01       9.92891e-01      
  3.61943e+01       9.80262e-01      
  3.72434e+01       9.65473e-01      
  3.82925e+01       9.48063e-01      
  3.93416e+01       9.22668e-01      
  4.03907e+01       8.95396e-01      
  4.14398e+01       8.62984e-01      
  4.24889e+01       8.30128e-01      
  4.35380e+01       7.91282e-01      
  4.45871e+01       7.51474e-01      
  4.56362e+01       7.07772e-01      
  4.66854e+01       6.62360e-01      
  4.77345e+01       6.15944e-01      
  4.87836e+01       5.66868e-01      
  4.98327e+01       5.16319e-01      
  5.08818e+01       4.67428e-01      
  5.19309e+01       4.19258e-01      
  5.29800e+01       3.72956e-01      
  5.40291e+01       3.29009e-01      
  5.50782e+01       2.89159e-01      
  5.61273e+01       2.53783e-01      
  5.71765e+01       2.23958e-01      
  5.82256e+01       2.00954e-01      
  5.92747e+01       1.85500e-01      
  6.03238e+01       1.79301e-01      
  6.13729e+01       1.76463e-01      
  6.24220e+01       1.73648e-01      
  6.34711e+01       1.69947e-01      
  6.45202e+01       1.66435e-01      
  6.55693e+01       1.62864e-01      
  6.66184e+01       1.58777e-01      
  6.76675e+01       1.54613e-01      
  6.87167e+01       1.49937e-01      
  6.97658e+01       1.44674e-01      
  7.08149e+01       1.39728e-01      
  7.18640e+01       1.34546e-01      
  7.29131e+01       1.28845e-01      
  7.39622e+01       1.23040e-01      
  7.50113e+01       1.16880e-01      
  7.60604e+01       1.11343e-01      
  7.71095e+01       1.05064e-01      
  7.81586e+01       9.85473e-02      
  7.92077e+01       9.20673e-02      
  8.02569e+01       8.53204e-02      
  8.13060e+01       7.88512e-02      
  8.23551e+01       7.23724e-02      
  8.34042e+01       6.57279e-02      
  8.44533e+01       5.92072e-02      
  8.55024e+01       5.29297e-02      
  8.65515e+01       4.68590e-02      
  8.76006e+01       4.07407e-02      
  8.86497e+01       3.50471e-02      
  8.96988e+01       2.97387e-02      
  9.07479e+01       2.46799e-02      
  9.17971e+01       1.98010e-02      
  9.28462e+01       1.55844e-02      
  9.38953e+01       1.16069e-02      
  9.49444e+01       8.15996e-03      
  9.59935e+01       5.39555e-03      
  9.70426e+01       3.10221e-03      
  9.80917e+01       1.45879e-03      
  9.91408e+01       3.37611e-04      
  1.00190e+02       1.08545e-05      
  1.01239e+02       7.06649e-08      
  1.02288e+02       0.00000e+00      
  1.03337e+02       0.00000e+00      
  1.04386e+02       0.00000e+00      
