# r                 p(r)             
  6.07047e-01       4.04844e-06      
  1.82114e+00       6.47750e-05      
  3.03524e+00       1.90276e-04      
  4.24933e+00       2.95536e-04      
  5.46343e+00       5.54636e-04      
  6.67752e+00       6.88234e-04      
  7.89162e+00       1.03235e-03      
  9.10571e+00       1.26716e-03      
  1.03198e+01       1.60318e-03      
  1.15339e+01       2.11328e-03      
  1.27480e+01       2.29951e-03      
  1.39621e+01       2.63148e-03      
  1.51762e+01       3.15373e-03      
  1.63903e+01       3.50999e-03      
  1.76044e+01       4.17394e-03      
  1.88185e+01       4.44113e-03      
  2.00326e+01       5.07269e-03      
  2.12467e+01       5.28321e-03      
  2.24608e+01       5.82570e-03      
  2.36749e+01       6.22245e-03      
  2.48889e+01       6.82971e-03      
  2.61030e+01       6.91068e-03      
  2.73171e+01       7.65559e-03      
  2.85312e+01       8.03210e-03      
  2.97453e+01       8.51791e-03      
  3.09594e+01       8.84988e-03      
  3.21735e+01       8.76486e-03      
  3.33876e+01       9.43286e-03      
  3.46017e+01       9.97534e-03      
  3.58158e+01       1.05097e-02      
  3.70299e+01       1.05300e-02      
  3.82440e+01       1.04693e-02      
  3.94581e+01       1.08458e-02      
  4.06722e+01       1.10117e-02      
  4.18863e+01       1.15785e-02      
  4.31004e+01       1.16231e-02      
  4.43145e+01       1.15138e-02      
  4.55286e+01       1.17526e-02      
  4.67427e+01       1.15583e-02      
  4.79567e+01       1.20724e-02      
  4.91708e+01       1.19226e-02      
  5.03849e+01       1.20320e-02      
  5.15990e+01       1.20441e-02      
  5.28131e+01       1.17809e-02      
  5.40272e+01       1.14773e-02      
  5.52413e+01       1.15461e-02      
  5.64554e+01       1.09672e-02      
  5.76695e+01       1.10158e-02      
  5.88836e+01       1.12263e-02      
  6.00977e+01       1.01859e-02      
  6.13118e+01       9.95105e-03      
  6.25259e+01       9.42476e-03      
  6.37400e+01       9.35998e-03      
  6.49541e+01       8.95109e-03      
  6.61682e+01       8.44909e-03      
  6.73823e+01       8.14545e-03      
  6.85964e+01       7.45722e-03      
  6.98105e+01       7.39244e-03      
  7.10246e+01       6.52608e-03      
  7.22386e+01       6.13338e-03      
  7.34527e+01       5.62733e-03      
  7.46668e+01       5.11722e-03      
  7.58809e+01       4.66785e-03      
  7.70950e+01       4.25086e-03      
  7.83091e+01       3.83792e-03      
  7.95232e+01       3.48975e-03      
  8.07373e+01       3.24280e-03      
  8.19514e+01       2.84605e-03      
  8.31655e+01       2.59505e-03      
  8.43796e+01       2.06065e-03      
  8.55937e+01       2.14162e-03      
  8.68078e+01       1.87847e-03      
  8.80219e+01       1.74488e-03      
  8.92360e+01       1.41695e-03      
  9.04501e+01       1.26716e-03      
  9.16642e+01       1.22668e-03      
  9.28783e+01       1.03235e-03      
  9.40924e+01       9.39237e-04      
  9.53064e+01       8.13736e-04      
  9.65205e+01       6.88234e-04      
  9.77346e+01       5.78926e-04      
  9.89487e+01       5.58684e-04      
  1.00163e+02       4.57473e-04      
  1.01377e+02       3.68408e-04      
  1.02591e+02       3.31972e-04      
  1.03805e+02       2.38858e-04      
  1.05019e+02       2.02422e-04      
  1.06233e+02       1.33598e-04      
  1.07447e+02       1.25501e-04      
  1.08661e+02       1.05259e-04      
  1.09876e+02       5.26297e-05      
  1.11090e+02       5.66781e-05      
  1.12304e+02       2.02422e-05      
  1.13518e+02       1.61937e-05      
  1.14732e+02       8.09687e-06      
  1.15946e+02       4.04844e-06      
  1.17160e+02       0.00000e+00      
  1.18374e+02       0.00000e+00      
  1.19588e+02       0.00000e+00      
  1.20802e+02       0.00000e+00      
