# Theoretical SAS data
# q            I           
  1.00000e-03  9.95492e-01 
  2.25063e-03  9.77345e-01 
  3.50125e-03  9.45926e-01 
  4.75188e-03  9.02354e-01 
  6.00251e-03  8.48155e-01 
  7.25313e-03  7.85187e-01 
  8.50376e-03  7.15545e-01 
  9.75439e-03  6.41464e-01 
  1.10050e-02  5.65207e-01 
  1.22556e-02  4.88967e-01 
  1.35063e-02  4.14771e-01 
  1.47569e-02  3.44403e-01 
  1.60075e-02  2.79336e-01 
  1.72581e-02  2.20696e-01 
  1.85088e-02  1.69237e-01 
  1.97594e-02  1.25345e-01 
  2.10100e-02  8.90573e-02 
  2.22607e-02  6.00994e-02 
  2.35113e-02  3.79381e-02 
  2.47619e-02  2.18403e-02 
  2.60125e-02  1.09378e-02 
  2.72632e-02  4.29203e-03 
  2.85138e-02  9.54173e-04 
  2.97644e-02  1.87667e-05 
  3.10150e-02  6.66481e-04 
  3.22657e-02  2.19560e-03 
  3.35163e-02  4.04118e-03 
  3.47669e-02  5.78227e-03 
  3.60175e-02  7.13829e-03 
  3.72682e-02  7.95650e-03 
  3.85188e-02  8.19260e-03 
  3.97694e-02  7.88710e-03 
  4.10201e-02  7.13983e-03 
  4.22707e-02  6.08490e-03 
  4.35213e-02  4.86805e-03 
  4.47719e-02  3.62775e-03 
  4.60226e-02  2.48109e-03 
  4.72732e-02  1.51474e-03 
  4.85238e-02  7.80971e-04 
  4.97744e-02  2.98076e-04 
  5.10251e-02  5.43818e-05 
  5.22757e-02  1.48278e-05 
  5.35263e-02  1.28939e-04 
  5.47769e-02  3.39126e-04 
  5.60276e-02  5.88366e-04 
  5.72782e-02  8.26550e-04 
  5.85288e-02  1.01500e-03 
  5.97794e-02  1.12895e-03 
  6.10301e-02  1.15809e-03 
  6.22807e-02  1.10528e-03 
  6.35313e-02  9.84023e-04 
  6.47820e-02  8.15016e-04 
  6.60326e-02  6.22431e-04 
  6.72832e-02  4.30312e-04 
  6.85338e-02  2.59540e-04 
  6.97845e-02  1.25620e-04 
  7.10351e-02  3.74479e-05 
  7.22857e-02  -2.93415e-06
  7.35363e-02  3.03149e-07 
  7.47870e-02  3.81105e-05 
  7.60376e-02  9.83334e-05 
  7.72882e-02  1.67652e-04 
  7.85388e-02  2.33429e-04 
  7.97895e-02  2.85247e-04 
  8.10401e-02  3.15985e-04 
  8.22907e-02  3.22343e-04 
  8.35414e-02  3.04833e-04 
  8.47920e-02  2.67273e-04 
  8.60426e-02  2.15918e-04 
  8.72932e-02  1.58373e-04 
  8.85439e-02  1.02443e-04 
  8.97945e-02  5.50772e-05 
  9.10451e-02  2.15312e-05 
  9.22957e-02  4.82319e-06 
  9.35464e-02  5.53564e-06 
  9.47970e-02  2.19462e-05 
  9.60476e-02  5.04437e-05 
  9.72982e-02  8.61482e-05 
  9.85489e-02  1.23640e-04 
  9.97995e-02  1.57694e-04 
  1.01050e-01  1.83926e-04 
  1.02301e-01  1.99275e-04 
  1.03551e-01  2.02285e-04 
  1.04802e-01  1.93151e-04 
  1.06053e-01  1.73556e-04 
  1.07303e-01  1.46340e-04 
  1.08554e-01  1.15041e-04 
  1.09805e-01  8.33944e-05 
  1.11055e-01  5.48490e-05 
  1.12306e-01  3.21569e-05 
  1.13556e-01  1.70895e-05 
  1.14807e-01  1.03007e-05 
  1.16058e-01  1.13435e-05 
  1.17308e-01  1.88253e-05 
  1.18559e-01  3.06704e-05 
  1.19810e-01  4.44477e-05 
  1.21060e-01  5.77160e-05 
  1.22311e-01  6.83424e-05 
  1.23561e-01  7.47531e-05 
  1.24812e-01  7.60925e-05 
  1.26063e-01  7.22748e-05 
  1.27313e-01  6.39325e-05 
  1.28564e-01  5.22740e-05 
  1.29815e-01  3.88779e-05 
  1.31065e-01  2.54546e-05 
  1.32316e-01  1.36085e-05 
  1.33566e-01  4.63242e-06 
  1.34817e-01  -6.41812e-07
  1.36068e-01  -1.92122e-06
  1.37318e-01  5.47224e-07 
  1.38569e-01  6.04671e-06 
  1.39820e-01  1.35178e-05 
  1.41070e-01  2.17221e-05 
  1.42321e-01  2.94180e-05 
  1.43571e-01  3.55254e-05 
  1.44822e-01  3.92574e-05 
  1.46073e-01  4.02053e-05 
  1.47323e-01  3.83670e-05 
  1.48574e-01  3.41211e-05 
  1.49825e-01  2.81511e-05 
  1.51075e-01  2.13347e-05 
  1.52326e-01  1.46148e-05 
  1.53576e-01  8.86941e-06 
  1.54827e-01  4.79810e-06 
  1.56078e-01  2.83971e-06 
  1.57328e-01  3.12888e-06 
  1.58579e-01  5.49577e-06 
  1.59830e-01  9.50588e-06 
  1.61080e-01  1.45325e-05 
  1.62331e-01  1.98501e-05 
  1.63581e-01  2.47357e-05 
  1.64832e-01  2.85634e-05 
  1.66083e-01  3.08807e-05 
  1.67333e-01  3.14581e-05 
  1.68584e-01  3.03055e-05 
  1.69835e-01  2.76569e-05 
  1.71085e-01  2.39257e-05 
  1.72336e-01  1.96393e-05 
  1.73586e-01  1.53626e-05 
  1.74837e-01  1.16202e-05 
  1.76088e-01  8.82902e-06 
  1.77338e-01  7.24889e-06 
  1.78589e-01  6.95642e-06 
  1.79840e-01  7.84504e-06 
  1.81090e-01  9.64926e-06 
  1.82341e-01  1.19888e-05 
  1.83591e-01  1.44258e-05 
  1.84842e-01  1.65264e-05 
  1.86093e-01  1.79195e-05 
  1.87343e-01  1.83430e-05 
  1.88594e-01  1.76750e-05 
  1.89845e-01  1.59432e-05 
  1.91095e-01  1.33157e-05 
  1.92346e-01  1.00730e-05 
  1.93596e-01  6.56663e-06 
  1.94847e-01  3.17092e-06 
  1.96098e-01  2.33831e-07 
  1.97348e-01  -1.96626e-06
  1.98599e-01  -3.25259e-06
  1.99850e-01  -3.56734e-06
  2.01100e-01  -2.97273e-06
  2.02351e-01  -1.63664e-06
  2.03602e-01  1.94572e-07 
  2.04852e-01  2.23177e-06 
  2.06103e-01  4.18220e-06 
  2.07353e-01  5.78679e-06 
  2.08604e-01  6.85093e-06 
  2.09855e-01  7.26505e-06 
  2.11105e-01  7.01300e-06 
  2.12356e-01  6.16779e-06 
  2.13607e-01  4.87619e-06 
  2.14857e-01  3.33469e-06 
  2.16108e-01  1.76069e-06 
  2.17358e-01  3.62961e-07 
  2.18609e-01  -6.84754e-07
  2.19860e-01  -1.26362e-06
  2.21110e-01  -1.32093e-06
  2.22361e-01  -8.71766e-07
  2.23612e-01  8.51497e-09 
  2.24862e-01  1.19927e-06 
  2.26113e-01  2.55450e-06 
  2.27363e-01  3.92467e-06 
  2.28614e-01  5.17730e-06 
  2.29865e-01  6.21345e-06 
  2.31115e-01  6.97827e-06 
  2.32366e-01  7.46436e-06 
  2.33617e-01  7.70799e-06 
  2.34867e-01  7.77919e-06 
  2.36118e-01  7.76745e-06 
  2.37368e-01  7.76550e-06 
  2.38619e-01  7.85337e-06 
  2.39870e-01  8.08533e-06 
  2.41120e-01  8.48134e-06 
  2.42371e-01  9.02407e-06 
  2.43622e-01  9.66174e-06 
  2.44872e-01  1.03161e-05 
  2.46123e-01  1.08945e-05 
  2.47373e-01  1.13032e-05 
  2.48624e-01  1.14620e-05 
  2.49875e-01  1.13152e-05 
  2.51125e-01  1.08399e-05 
  2.52376e-01  1.00497e-05 
  2.53627e-01  8.99273e-06 
  2.54877e-01  7.74526e-06 
  2.56128e-01  6.40193e-06 
  2.57378e-01  5.06355e-06 
  2.58629e-01  3.82458e-06 
  2.59880e-01  2.76203e-06 
  2.61130e-01  1.92725e-06 
  2.62381e-01  1.34151e-06 
  2.63632e-01  9.96167e-07 
  2.64882e-01  8.56851e-07 
  2.66133e-01  8.71204e-07 
  2.67383e-01  9.78785e-07 
  2.68634e-01  1.12166e-06 
  2.69885e-01  1.25412e-06 
  2.71135e-01  1.35006e-06 
  2.72386e-01  1.40706e-06 
  2.73637e-01  1.44650e-06 
  2.74887e-01  1.50984e-06 
  2.76138e-01  1.65156e-06 
  2.77388e-01  1.92987e-06 
  2.78639e-01  2.39647e-06 
  2.79890e-01  3.08694e-06 
  2.81140e-01  4.01306e-06 
  2.82391e-01  5.15828e-06 
  2.83642e-01  6.47690e-06 
  2.84892e-01  7.89730e-06 
  2.86143e-01  9.32865e-06 
  2.87393e-01  1.06705e-05 
  2.88644e-01  1.18236e-05 
  2.89895e-01  1.27016e-05 
  2.91145e-01  1.32401e-05 
  2.92396e-01  1.34050e-05 
  2.93647e-01  1.31952e-05 
  2.94897e-01  1.26438e-05 
  2.96148e-01  1.18134e-05 
  2.97398e-01  1.07890e-05 
  2.98649e-01  9.66907e-06 
  2.99900e-01  8.55391e-06 
  3.01150e-01  7.53571e-06 
  3.02401e-01  6.68917e-06 
  3.03652e-01  6.06483e-06 
  3.04902e-01  5.68557e-06 
  3.06153e-01  5.54655e-06 
  3.07404e-01  5.61845e-06 
  3.08654e-01  5.85332e-06 
  3.09905e-01  6.19235e-06 
  3.11155e-01  6.57424e-06 
  3.12406e-01  6.94326e-06 
  3.13657e-01  7.25579e-06 
  3.14907e-01  7.48475e-06 
  3.16158e-01  7.62134e-06 
  3.17409e-01  7.67407e-06 
  3.18659e-01  7.66539e-06 
  3.19910e-01  7.62655e-06 
  3.21160e-01  7.59143e-06 
  3.22411e-01  7.59036e-06 
  3.23662e-01  7.64484e-06 
  3.24912e-01  7.76374e-06 
  3.26163e-01  7.94168e-06 
  3.27414e-01  8.15961e-06 
  3.28664e-01  8.38747e-06 
  3.29915e-01  8.58855e-06 
  3.31165e-01  8.72486e-06 
  3.32416e-01  8.76267e-06 
  3.33667e-01  8.67750e-06 
  3.34917e-01  8.45782e-06 
  3.36168e-01  8.10693e-06 
  3.37419e-01  7.64283e-06 
  3.38669e-01  7.09605e-06 
  3.39920e-01  6.50586e-06 
  3.41170e-01  5.91526e-06 
  3.42421e-01  5.36557e-06 
  3.43672e-01  4.89132e-06 
  3.44922e-01  4.51610e-06 
  3.46173e-01  4.24999e-06 
  3.47424e-01  4.08885e-06 
  3.48674e-01  4.01548e-06 
  3.49925e-01  4.00265e-06 
  3.51175e-01  4.01734e-06 
  3.52426e-01  4.02577e-06 
  3.53677e-01  3.99838e-06 
  3.54927e-01  3.91420e-06 
  3.56178e-01  3.76397e-06 
  3.57429e-01  3.55150e-06 
  3.58679e-01  3.29334e-06 
  3.59930e-01  3.01642e-06 
  3.61180e-01  2.75444e-06 
  3.62431e-01  2.54307e-06 
  3.63682e-01  2.41487e-06 
  3.64932e-01  2.39452e-06 
  3.66183e-01  2.49497e-06 
  3.67434e-01  2.71500e-06 
  3.68684e-01  3.03865e-06 
  3.69935e-01  3.43635e-06 
  3.71185e-01  3.86794e-06 
  3.72436e-01  4.28688e-06 
  3.73687e-01  4.64546e-06 
  3.74937e-01  4.90006e-06 
  3.76188e-01  5.01612e-06 
  3.77439e-01  4.97203e-06 
  3.78689e-01  4.76160e-06 
  3.79940e-01  4.39480e-06 
  3.81190e-01  3.89673e-06 
  3.82441e-01  3.30504e-06 
  3.83692e-01  2.66598e-06 
  3.84942e-01  2.02975e-06 
  3.86193e-01  1.44556e-06 
  3.87444e-01  9.57075e-07 
  3.88694e-01  5.98602e-07 
  3.89945e-01  3.92520e-07 
  3.91195e-01  3.48091e-07 
  3.92446e-01  4.61712e-07 
  3.93697e-01  7.18461e-07 
  3.94947e-01  1.09466e-06 
  3.96198e-01  1.56107e-06 
  3.97449e-01  2.08629e-06 
  3.98699e-01  2.63987e-06 
  3.99950e-01  3.19496e-06 
  4.01201e-01  3.72998e-06 
  4.02451e-01  4.22943e-06 
  4.03702e-01  4.68369e-06 
  4.04952e-01  5.08801e-06 
  4.06203e-01  5.44099e-06 
  4.07454e-01  5.74275e-06 
  4.08704e-01  5.99314e-06 
  4.09955e-01  6.19037e-06 
  4.11206e-01  6.33012e-06 
  4.12456e-01  6.40541e-06 
  4.13707e-01  6.40716e-06 
  4.14957e-01  6.32535e-06 
  4.16208e-01  6.15060e-06 
  4.17459e-01  5.87603e-06 
  4.18709e-01  5.49887e-06 
  4.19960e-01  5.02191e-06 
  4.21211e-01  4.45420e-06 
  4.22461e-01  3.81123e-06 
  4.23712e-01  3.11417e-06 
  4.24962e-01  2.38862e-06 
  4.26213e-01  1.66259e-06 
  4.27464e-01  9.64309e-07 
  4.28714e-01  3.19841e-07 
  4.29965e-01  -2.49094e-07
  4.31216e-01  -7.26889e-07
  4.32466e-01  -1.10522e-06
  4.33717e-01  -1.38350e-06
  4.34967e-01  -1.56857e-06
  4.36218e-01  -1.67367e-06
  4.37469e-01  -1.71692e-06
  4.38719e-01  -1.71926e-06
  4.39970e-01  -1.70239e-06
  4.41221e-01  -1.68661e-06
  4.42471e-01  -1.68902e-06
  4.43722e-01  -1.72211e-06
  4.44972e-01  -1.79284e-06
  4.46223e-01  -1.90240e-06
  4.47474e-01  -2.04646e-06
  4.48724e-01  -2.21591e-06
  4.49975e-01  -2.39800e-06
  4.51226e-01  -2.57776e-06
  4.52476e-01  -2.73937e-06
  4.53727e-01  -2.86760e-06
  4.54977e-01  -2.94903e-06
  4.56228e-01  -2.97299e-06
  4.57479e-01  -2.93219e-06
  4.58729e-01  -2.82306e-06
  4.59980e-01  -2.64575e-06
  4.61231e-01  -2.40387e-06
  4.62481e-01  -2.10401e-06
  4.63732e-01  -1.75518e-06
  4.64982e-01  -1.36808e-06
  4.66233e-01  -9.54404e-07
  4.67484e-01  -5.26145e-07
  4.68734e-01  -9.49651e-08
  4.69985e-01  3.28365e-07 
  4.71236e-01  7.34419e-07 
  4.72486e-01  1.11546e-06 
  4.73737e-01  1.46565e-06 
  4.74987e-01  1.78115e-06 
  4.76238e-01  2.06007e-06 
  4.77489e-01  2.30228e-06 
  4.78739e-01  2.50911e-06 
  4.79990e-01  2.68294e-06 
  4.81241e-01  2.82667e-06 
  4.82491e-01  2.94323e-06 
  4.83742e-01  3.03502e-06 
  4.84992e-01  3.10350e-06 
  4.86243e-01  3.14882e-06 
  4.87494e-01  3.16969e-06 
  4.88744e-01  3.16349e-06 
  4.89995e-01  3.12648e-06 
  4.91246e-01  3.05435e-06 
  4.92496e-01  2.94291e-06 
  4.93747e-01  2.78881e-06 
  4.94997e-01  2.59037e-06 
  4.96248e-01  2.34830e-06 
  4.97499e-01  2.06624e-06 
  4.98749e-01  1.75100e-06 
  5.00000e-01  1.41259e-06 
