# Simulated SAS data with noise
# sigma generated using Sedlak et al, k=100000, c=0.55, https://doi.org/10.1107/S1600576717003077, and rebinned with 10 per bin)
# q            I            sigma       
  1.00000e-03  1.41022e+01  7.90860e-02 
  2.25063e-03  1.37755e+01  5.22340e-02 
  3.50125e-03  1.34208e+01  4.12001e-02 
  4.75188e-03  1.27865e+01  3.45413e-02 
  6.00251e-03  1.19731e+01  2.97958e-02 
  7.25313e-03  1.10961e+01  2.60801e-02 
  8.50376e-03  1.00716e+01  2.29933e-02 
  9.75439e-03  9.03975e+00  2.03272e-02 
  1.10050e-02  7.95911e+00  1.79640e-02 
  1.22556e-02  6.91761e+00  1.58333e-02 
  1.35063e-02  5.87370e+00  1.38913e-02 
  1.47569e-02  4.87265e+00  1.21102e-02 
  1.60075e-02  3.94328e+00  1.04720e-02 
  1.72581e-02  3.12892e+00  8.96492e-03 
  1.85088e-02  2.38869e+00  7.58108e-03 
  1.97594e-02  1.77187e+00  6.31506e-03 
  2.10100e-02  1.25789e+00  5.16288e-03 
  2.22607e-02  8.51151e-01  4.12132e-03 
  2.35113e-02  5.37046e-01  3.18750e-03 
  2.47619e-02  3.07837e-01  2.35856e-03 
  2.60125e-02  1.54120e-01  1.63165e-03 
  2.72632e-02  5.98021e-02  1.00435e-03 
  2.85138e-02  1.30077e-02  4.78590e-04 
  2.97644e-02  1.44562e-04  1.48282e-04 
  3.10150e-02  1.00982e-02  3.90258e-04 
  3.22657e-02  3.05533e-02  6.66431e-04 
  3.35163e-02  5.57295e-02  8.79488e-04 
  3.47669e-02  8.09806e-02  1.02970e-03 
  3.60175e-02  1.00851e-01  1.12250e-03 
  3.72682e-02  1.13525e-01  1.16432e-03 
  3.85188e-02  1.15960e-01  1.16195e-03 
  3.97694e-02  1.11503e-01  1.12224e-03 
  4.10201e-02  1.00343e-01  1.05194e-03 
  4.22707e-02  8.41209e-02  9.57626e-04 
  4.35213e-02  6.88943e-02  8.45601e-04 
  4.47719e-02  5.09274e-02  7.21824e-04 
  4.60226e-02  3.44109e-02  5.91898e-04 
  4.72732e-02  2.22674e-02  4.61141e-04 
  4.85238e-02  1.10180e-02  3.34918e-04 
  4.97744e-02  4.26913e-03  2.20004e-04 
  5.10251e-02  7.53085e-04  1.31191e-04 
  5.22757e-02  2.10148e-04  1.09753e-04 
  5.35263e-02  1.95356e-03  1.58611e-04 
  5.47769e-02  4.69869e-03  2.20657e-04 
  5.60276e-02  8.24941e-03  2.74864e-04 
  5.72782e-02  1.17538e-02  3.16267e-04 
  5.85288e-02  1.45340e-02  3.43679e-04 
  5.97794e-02  1.64302e-02  3.57239e-04 
  6.10301e-02  1.68071e-02  3.57777e-04 
  6.22807e-02  1.56560e-02  3.46565e-04 
  6.35313e-02  1.37406e-02  3.25195e-04 
  6.47820e-02  1.16422e-02  2.95500e-04 
  6.60326e-02  8.72923e-03  2.59507e-04 
  6.72832e-02  6.40346e-03  2.19439e-04 
  6.85338e-02  3.69343e-03  1.77822e-04 
  6.97845e-02  1.78789e-03  1.37832e-04 
  7.10351e-02  3.12346e-04  1.04236e-04 
  7.22857e-02  1.71650e-05  8.46614e-05 
  7.35363e-02  -6.59486e-06 8.55700e-05 
  7.47870e-02  5.31775e-04  1.01861e-04 
  7.60376e-02  1.16130e-03  1.23210e-04 
  7.72882e-02  2.37993e-03  1.43422e-04 
  7.85388e-02  3.48738e-03  1.59699e-04 
  7.97895e-02  3.93541e-03  1.70833e-04 
  8.10401e-02  4.33800e-03  1.76399e-04 
  8.22907e-02  4.33025e-03  1.76434e-04 
  8.35414e-02  4.20309e-03  1.71307e-04 
  8.47920e-02  3.63020e-03  1.61649e-04 
  8.60426e-02  2.96329e-03  1.48328e-04 
  8.72932e-02  2.24504e-03  1.32455e-04 
  8.85439e-02  1.45813e-03  1.15448e-04 
  8.97945e-02  6.96518e-04  9.91397e-05 
  9.10451e-02  1.95878e-04  8.59005e-05 
  9.22957e-02  8.73442e-05  7.83686e-05 
  9.35464e-02  2.62657e-04  7.81497e-05 
  9.47970e-02  1.63021e-04  8.43467e-05 
  9.60476e-02  6.54787e-04  9.42641e-05 
  9.72982e-02  1.14046e-03  1.05247e-04 
  9.85489e-02  1.77844e-03  1.15440e-04 
  9.97995e-02  2.11193e-03  1.23706e-04 
  1.01050e-01  2.80538e-03  1.29401e-04 
  1.02301e-01  2.92838e-03  1.32221e-04 
  1.03551e-01  3.10740e-03  1.32113e-04 
  1.04802e-01  2.86026e-03  1.29221e-04 
  1.06053e-01  2.39078e-03  1.23856e-04 
  1.07303e-01  2.21440e-03  1.16483e-04 
  1.08554e-01  1.58774e-03  1.07705e-04 
  1.09805e-01  1.15059e-03  9.82737e-05 
  1.11055e-01  8.25453e-04  8.90738e-05 
  1.12306e-01  4.95082e-04  8.10950e-05 
  1.13556e-01  2.87018e-04  7.53019e-05 
  1.14807e-01  -4.24186e-06 7.23680e-05 
  1.16058e-01  9.44281e-05  7.23680e-05 
  1.17308e-01  3.44169e-04  7.47127e-05 
  1.18559e-01  4.41377e-04  7.84268e-05 
  1.19810e-01  7.29467e-04  8.25166e-05 
  1.21060e-01  7.29720e-04  8.61813e-05 
  1.22311e-01  9.43645e-04  8.88655e-05 
  1.23561e-01  9.47390e-04  9.02391e-05 
  1.24812e-01  1.03998e-03  9.01605e-05 
  1.26063e-01  1.12435e-03  8.86455e-05 
  1.27313e-01  1.01003e-03  8.58439e-05 
  1.28564e-01  5.81634e-04  8.20231e-05 
  1.29815e-01  6.22819e-04  7.75543e-05 
  1.31065e-01  4.21729e-04  7.28962e-05 
  1.32316e-01  3.49702e-05  6.85651e-05 
  1.33566e-01  5.79999e-05  6.50765e-05 
  1.34817e-01  -8.17401e-05 6.28482e-05 
  1.36068e-01  -1.58202e-05 6.20848e-05 
  1.37318e-01  -6.02724e-05 6.27084e-05 
  1.38569e-01  9.82987e-05  6.43909e-05 
  1.39820e-01  2.05387e-04  6.66693e-05 
  1.41070e-01  2.42287e-04  6.90707e-05 
  1.42321e-01  4.15320e-04  7.11938e-05 
  1.43571e-01  4.95669e-04  7.27437e-05 
  1.44822e-01  6.31361e-04  7.35381e-05 
  1.46073e-01  5.86631e-04  7.35004e-05 
  1.47323e-01  5.01864e-04  7.26503e-05 
  1.48574e-01  4.47135e-04  7.10922e-05 
  1.49825e-01  5.24728e-04  6.90042e-05 
  1.51075e-01  3.46472e-04  6.66236e-05 
  1.52326e-01  1.94814e-04  6.42271e-05 
  1.53576e-01  7.83948e-05  6.21007e-05 
  1.54827e-01  -7.86244e-06 6.04991e-05 
  1.56078e-01  1.87159e-05  5.95985e-05 
  1.57328e-01  1.07029e-04  5.94584e-05 
  1.58579e-01  -4.29531e-05 6.00099e-05 
  1.59830e-01  2.50699e-04  6.10789e-05 
  1.61080e-01  6.32085e-05  6.24316e-05 
  1.62331e-01  2.91211e-04  6.38238e-05 
  1.63581e-01  3.45455e-04  6.50382e-05 
  1.64832e-01  4.22428e-04  6.59072e-05 
  1.66083e-01  4.13191e-04  6.63228e-05 
  1.67333e-01  4.82678e-04  6.62383e-05 
  1.68584e-01  4.63869e-04  6.56659e-05 
  1.69835e-01  4.89987e-04  6.46706e-05 
  1.71085e-01  3.35454e-04  6.33617e-05 
  1.72336e-01  1.83761e-04  6.18814e-05 
  1.73586e-01  3.31716e-04  6.03899e-05 
  1.74837e-01  1.45364e-04  5.90455e-05 
  1.76088e-01  2.79722e-04  5.79830e-05 
  1.77338e-01  9.27816e-05  5.72918e-05 
  1.78589e-01  8.68921e-05  5.70006e-05 
  1.79840e-01  1.08067e-04  5.70747e-05 
  1.81090e-01  1.44416e-04  5.74249e-05 
  1.82341e-01  1.93168e-04  5.79276e-05 
  1.83591e-01  2.13213e-04  5.84477e-05 
  1.84842e-01  2.77857e-04  5.88593e-05 
  1.86093e-01  1.67272e-04  5.90607e-05 
  1.87343e-01  2.88065e-04  5.89838e-05 
  1.88594e-01  3.39961e-04  5.85983e-05 
  1.89845e-01  1.66270e-04  5.79123e-05 
  1.91095e-01  2.18307e-04  5.69693e-05 
  1.92346e-01  5.56701e-05  5.58434e-05 
  1.93596e-01  4.30267e-05  5.46311e-05 
  1.94847e-01  1.53352e-05  5.34407e-05 
  1.96098e-01  -5.27831e-05 5.23794e-05 
  1.97348e-01  3.93411e-05  5.15381e-05 
  1.98599e-01  -2.05045e-05 5.09780e-05 
  1.99850e-01  3.27149e-05  5.07208e-05 
  2.01100e-01  -6.56023e-05 5.07462e-05 
  2.02351e-01  -1.72333e-05 5.09975e-05 
  2.03602e-01  4.54647e-05  5.13933e-05 
  2.04852e-01  4.32672e-05  5.18423e-05 
  2.06103e-01  5.11814e-05  5.22568e-05 
  2.07353e-01  2.22250e-05  5.25635e-05 
  2.08604e-01  1.26509e-04  5.27105e-05 
  2.09855e-01  8.94271e-05  5.26711e-05 
  2.11105e-01  1.05761e-04  5.24433e-05 
  2.12356e-01  1.92674e-04  5.20490e-05 
  2.13607e-01  8.33082e-05  5.15292e-05 
  2.14857e-01  1.45440e-04  5.09384e-05 
  2.16108e-01  -9.28233e-06 5.03384e-05 
  2.17358e-01  -2.40208e-05 4.97893e-05 
  2.18609e-01  -8.48373e-05 4.93425e-05 
  2.19860e-01  -3.18415e-05 4.90336e-05 
  2.21110e-01  -1.43842e-05 4.88781e-05 
  2.22361e-01  4.77651e-05  4.88704e-05 
  2.23612e-01  1.03641e-04  4.89867e-05 
  2.24862e-01  1.02438e-04  4.91896e-05 
  2.26113e-01  1.77181e-05  4.94357e-05 
  2.27363e-01  3.89545e-05  4.96820e-05 
  2.28614e-01  5.37720e-05  4.98921e-05 
  2.29865e-01  1.38202e-04  5.00400e-05 
  2.31115e-01  6.77327e-05  5.01123e-05 
  2.32366e-01  1.99188e-05  5.01085e-05 
  2.33617e-01  6.36965e-05  5.00397e-05 
  2.34867e-01  4.10412e-05  4.99254e-05 
  2.36118e-01  2.06036e-04  4.97899e-05 
  2.37368e-01  1.35363e-04  4.96580e-05 
  2.38619e-01  1.01445e-04  4.95511e-05 
  2.39870e-01  1.04869e-04  4.94831e-05 
  2.41120e-01  1.53903e-04  4.94591e-05 
  2.42371e-01  1.40327e-04  4.94737e-05 
  2.43622e-01  1.87184e-04  4.95129e-05 
  2.44872e-01  1.86950e-04  4.95560e-05 
  2.46123e-01  1.20333e-04  4.95790e-05 
  2.47373e-01  7.18683e-05  4.95584e-05 
  2.48624e-01  1.51094e-04  4.94741e-05 
  2.49875e-01  2.17423e-04  4.93127e-05 
  2.51125e-01  1.53462e-04  4.90688e-05 
  2.52376e-01  1.25680e-04  4.87457e-05 
  2.53627e-01  1.99447e-04  4.83554e-05 
  2.54877e-01  8.33233e-05  4.79168e-05 
  2.56128e-01  1.06826e-04  4.74538e-05 
  2.57378e-01  6.01858e-05  4.69920e-05 
  2.58629e-01  -2.52667e-05 4.65562e-05 
  2.59880e-01  4.86421e-05  4.61667e-05 
  2.61130e-01  1.36911e-05  4.58374e-05 
  2.62381e-01  6.29814e-05  4.55745e-05 
  2.63632e-01  -1.39144e-04 4.53756e-05 
  2.64882e-01  2.30034e-05  4.52319e-05 
  2.66133e-01  1.26997e-05  4.51292e-05 
  2.67383e-01  6.71067e-05  4.50516e-05 
  2.68634e-01  2.88957e-05  4.49838e-05 
  2.69885e-01  3.98988e-05  4.49138e-05 
  2.71135e-01  -1.07635e-05 4.48349e-05 
  2.72386e-01  -4.91051e-06 4.47465e-05 
  2.73637e-01  -2.28137e-06 4.46543e-05 
  2.74887e-01  2.40214e-05  4.45688e-05 
  2.76138e-01  1.55314e-05  4.45040e-05 
  2.77388e-01  2.72145e-05  4.44745e-05 
  2.78639e-01  7.63374e-05  4.44930e-05 
  2.79890e-01  1.07088e-04  4.45677e-05 
  2.81140e-01  7.86491e-05  4.47005e-05 
  2.82391e-01  4.08208e-05  4.48861e-05 
  2.83642e-01  5.71124e-05  4.51120e-05 
  2.84892e-01  1.88038e-04  4.53594e-05 
  2.86143e-01  1.44928e-04  4.56060e-05 
  2.87393e-01  6.73725e-05  4.58278e-05 
  2.88644e-01  1.58585e-04  4.60021e-05 
  2.89895e-01  1.12172e-04  4.61095e-05 
  2.91145e-01  1.71954e-04  4.61365e-05 
  2.92396e-01  1.83139e-04  4.60762e-05 
  2.93647e-01  1.86507e-04  4.59291e-05 
  2.94897e-01  1.88938e-04  4.57033e-05 
  2.96148e-01  2.00471e-04  4.54131e-05 
  2.97398e-01  1.42655e-04  4.50782e-05 
  2.98649e-01  1.41810e-04  4.47211e-05 
  2.99900e-01  9.49167e-05  4.43652e-05 
  3.01150e-01  6.64356e-05  4.40325e-05 
  3.02401e-01  1.52234e-04  4.37407e-05 
  3.03652e-01  7.00881e-05  4.35024e-05 
  3.04902e-01  3.15205e-05  4.33229e-05 
  3.06153e-01  2.13985e-05  4.32014e-05 
  3.07404e-01  1.56410e-04  4.31304e-05 
  3.08654e-01  6.79263e-05  4.30985e-05 
  3.09905e-01  1.00006e-04  4.30912e-05 
  3.11155e-01  8.80417e-05  4.30941e-05 
  3.12406e-01  1.37911e-04  4.30940e-05 
  3.13657e-01  8.14894e-05  4.30807e-05 
  3.14907e-01  1.09499e-04  4.30481e-05 
  3.16158e-01  1.14252e-04  4.29945e-05 
  3.17409e-01  9.44303e-05  4.29218e-05 
  3.18659e-01  8.40239e-05  4.28355e-05 
  3.19910e-01  9.25077e-05  4.27428e-05 
  3.21160e-01  6.12905e-05  4.26514e-05 
  3.22411e-01  1.32864e-04  4.25684e-05 
  3.23662e-01  1.33790e-04  4.24985e-05 
  3.24912e-01  1.02161e-04  4.24437e-05 
  3.26163e-01  2.63309e-05  4.24027e-05 
  3.27414e-01  9.70756e-05  4.23710e-05 
  3.28664e-01  4.52294e-05  4.23418e-05 
  3.29915e-01  2.01605e-04  4.23068e-05 
  3.31165e-01  1.02319e-04  4.22574e-05 
  3.32416e-01  2.05220e-04  4.21863e-05 
  3.33667e-01  1.21838e-04  4.20881e-05 
  3.34917e-01  7.07610e-05  4.19604e-05 
  3.36168e-01  1.04329e-04  4.18039e-05 
  3.37419e-01  9.74881e-05  4.16227e-05 
  3.38669e-01  1.22889e-04  4.14235e-05 
  3.39920e-01  3.47458e-06  4.12151e-05 
  3.41170e-01  1.14458e-04  4.10071e-05 
  3.42421e-01  5.83889e-05  4.08088e-05 
  3.43672e-01  2.53796e-05  4.06279e-05 
  3.44922e-01  1.77420e-05  4.04699e-05 
  3.46173e-01  1.49377e-04  4.03369e-05 
  3.47424e-01  -2.55377e-05 4.02280e-05 
  3.48674e-01  2.20315e-05  4.01393e-05 
  3.49925e-01  2.98082e-05  4.00647e-05 
  3.51175e-01  9.36902e-06  3.99966e-05 
  3.52426e-01  7.36672e-05  3.99274e-05 
  3.53677e-01  1.18804e-04  3.98506e-05 
  3.54927e-01  5.66918e-05  3.97616e-05 
  3.56178e-01  6.71539e-05  3.96584e-05 
  3.57429e-01  3.98143e-05  3.95417e-05 
  3.58679e-01  6.31415e-05  3.94154e-05 
  3.59930e-01  4.98831e-05  3.92854e-05 
  3.61180e-01  1.74991e-05  3.91592e-05 
  3.62431e-01  8.34022e-05  3.90447e-05 
  3.63682e-01  3.71430e-05  3.89491e-05 
  3.64932e-01  5.73453e-05  3.88778e-05 
  3.66183e-01  1.13157e-04  3.88335e-05 
  3.67434e-01  1.47104e-05  3.88159e-05 
  3.68684e-01  8.31736e-05  3.88211e-05 
  3.69935e-01  6.28480e-05  3.88424e-05 
  3.71185e-01  7.07485e-05  3.88710e-05 
  3.72436e-01  8.70575e-05  3.88967e-05 
  3.73687e-01  1.12233e-04  3.89091e-05 
  3.74937e-01  1.04558e-04  3.88990e-05 
  3.76188e-01  6.29679e-05  3.88592e-05 
  3.77439e-01  7.10938e-05  3.87853e-05 
  3.78689e-01  1.07180e-04  3.86761e-05 
  3.79940e-01  2.34837e-05  3.85338e-05 
  3.81190e-01  3.92004e-05  3.83637e-05 
  3.82441e-01  1.28064e-04  3.81738e-05 
  3.83692e-01  9.27677e-05  3.79740e-05 
  3.84942e-01  -7.49796e-05 3.77751e-05 
  3.86193e-01  2.31928e-05  3.75877e-05 
  3.87444e-01  5.68728e-05  3.74213e-05 
  3.88694e-01  -1.02052e-04 3.72834e-05 
  3.89945e-01  3.79287e-05  3.71790e-05 
  3.91195e-01  6.29409e-05  3.71099e-05 
  3.92446e-01  2.45485e-05  3.70752e-05 
  3.93697e-01  -4.78712e-05 3.70716e-05 
  3.94947e-01  5.02371e-07  3.70936e-05 
  3.96198e-01  6.78266e-05  3.71347e-05 
  3.97449e-01  7.92079e-05  3.71881e-05 
  3.98699e-01  1.01849e-05  3.72470e-05 
  3.99950e-01  1.78224e-05  3.73057e-05 
  4.01201e-01  1.14445e-05  3.73598e-05 
  4.02451e-01  1.40531e-04  3.74061e-05 
  4.03702e-01  8.91833e-05  3.74426e-05 
  4.04952e-01  1.18014e-04  3.74686e-05 
  4.06203e-01  4.63665e-05  3.74837e-05 
  4.07454e-01  9.26962e-05  3.74883e-05 
  4.08704e-01  7.84176e-05  3.74823e-05 
  4.09955e-01  6.44243e-05  3.74654e-05 
  4.11206e-01  1.11984e-04  3.74369e-05 
  4.12456e-01  1.87068e-04  3.73954e-05 
  4.13707e-01  3.66748e-05  3.73392e-05 
  4.14957e-01  8.11152e-05  3.72663e-05 
  4.16208e-01  5.72480e-05  3.71748e-05 
  4.17459e-01  5.97500e-05  3.70634e-05 
  4.18709e-01  9.82858e-05  3.69315e-05 
  4.19960e-01  7.89248e-05  3.67796e-05 
  4.21211e-01  7.57428e-05  3.66095e-05 
  4.22461e-01  5.60049e-05  3.64242e-05 
  4.23712e-01  4.62653e-05  3.62281e-05 
  4.24962e-01  4.07805e-06  3.60261e-05 
  4.26213e-01  3.09944e-05  3.58242e-05 
  4.27464e-01  2.19114e-05  3.56280e-05 
  4.28714e-01  -7.15661e-06 3.54430e-05 
  4.29965e-01  2.05658e-05  3.52738e-05 
  4.31216e-01  4.24001e-05  3.51237e-05 
  4.32466e-01  -2.16078e-05 3.49944e-05 
  4.33717e-01  -1.51388e-05 3.48862e-05 
  4.34967e-01  2.86524e-05  3.47976e-05 
  4.36218e-01  -1.27674e-06 3.47259e-05 
  4.37469e-01  -4.49184e-05 3.46673e-05 
  4.38719e-01  1.36539e-05  3.46174e-05 
  4.39970e-01  -5.13498e-05 3.45716e-05 
  4.41221e-01  -7.17712e-05 3.45258e-05 
  4.42471e-01  -1.18466e-05 3.44765e-05 
  4.43722e-01  3.64834e-05  3.44211e-05 
  4.44972e-01  -7.16381e-05 3.43581e-05 
  4.46223e-01  -3.85056e-05 3.42875e-05 
  4.47474e-01  -4.04254e-05 3.42100e-05 
  4.48724e-01  -2.29830e-05 3.41275e-05 
  4.49975e-01  -1.39629e-04 3.40428e-05 
  4.51226e-01  -5.06492e-07 3.39587e-05 
  4.52476e-01  -1.50291e-05 3.38787e-05 
  4.53727e-01  -5.26154e-05 3.38057e-05 
  4.54977e-01  -9.43379e-05 3.37425e-05 
  4.56228e-01  -5.36532e-05 3.36914e-05 
  4.57479e-01  -5.47029e-05 3.36536e-05 
  4.58729e-01  -3.84354e-05 3.36299e-05 
  4.59980e-01  -6.06646e-05 3.36202e-05 
  4.61231e-01  -1.91417e-05 3.36236e-05 
  4.62481e-01  1.07622e-05  3.36387e-05 
  4.63732e-01  -7.23510e-05 3.36636e-05 
  4.64982e-01  -1.62391e-06 3.36960e-05 
  4.66233e-01  2.75940e-06  3.37335e-05 
  4.67484e-01  7.98433e-05  3.37737e-05 
  4.68734e-01  3.27123e-05  3.38141e-05 
  4.69985e-01  3.06580e-05  3.38528e-05 
  4.71236e-01  -7.62995e-06 3.38878e-05 
  4.72486e-01  2.31094e-05  3.39177e-05 
  4.73737e-01  3.89491e-05  3.39414e-05 
  4.74987e-01  2.33529e-05  3.39582e-05 
  4.76238e-01  -3.06008e-05 3.39678e-05 
  4.77489e-01  2.09598e-05  3.39702e-05 
  4.78739e-01  5.02091e-05  3.39658e-05 
  4.79990e-01  -4.16395e-06 3.39550e-05 
  4.81241e-01  3.42523e-05  3.39385e-05 
  4.82491e-01  3.36174e-05  3.39169e-05 
  4.83742e-01  6.50674e-05  3.38906e-05 
  4.84992e-01  7.32410e-05  3.38600e-05 
  4.86243e-01  7.96814e-05  3.38251e-05 
  4.87494e-01  6.06458e-05  3.37856e-05 
  4.88744e-01  3.59875e-05  3.37412e-05 
  4.89995e-01  5.94602e-05  3.36911e-05 
  4.91246e-01  -7.32084e-06 3.36344e-05 
  4.92496e-01  4.36420e-05  3.35705e-05 
  4.93747e-01  5.83073e-05  3.34987e-05 
  4.94997e-01  6.01261e-05  3.34187e-05 
  4.96248e-01  3.10752e-05  3.33307e-05 
  4.97499e-01  -2.04361e-05 3.32352e-05 
  4.98749e-01  5.47485e-05  3.31336e-05 
  5.00000e-01  1.95717e-05  3.30279e-05 
