# r                 p(r)             
  1.57326e+00       4.55307e-06      
  4.71979e+00       3.13674e-05      
  7.86632e+00       8.24106e-05      
  1.10128e+01       1.62642e-04      
  1.41594e+01       2.58647e-04      
  1.73059e+01       3.80002e-04      
  2.04524e+01       5.26465e-04      
  2.35989e+01       6.92977e-04      
  2.67455e+01       8.64921e-04      
  2.98920e+01       1.06417e-03      
  3.30385e+01       1.27175e-03      
  3.61851e+01       1.49360e-03      
  3.93316e+01       1.74822e-03      
  4.24781e+01       1.98159e-03      
  4.56246e+01       2.25369e-03      
  4.87712e+01       2.52130e-03      
  5.19177e+01       2.80250e-03      
  5.50642e+01       3.07988e-03      
  5.82107e+01       3.36844e-03      
  6.13573e+01       3.66420e-03      
  6.45038e+01       3.96828e-03      
  6.76503e+01       4.26390e-03      
  7.07968e+01       4.54585e-03      
  7.39434e+01       4.86744e-03      
  7.70899e+01       5.14060e-03      
  8.02364e+01       5.45920e-03      
  8.33829e+01       5.74718e-03      
  8.65295e+01       6.02056e-03      
  8.96760e+01       6.29179e-03      
  9.28225e+01       6.57647e-03      
  9.59691e+01       6.84765e-03      
  9.91156e+01       7.08225e-03      
  1.02262e+02       7.34270e-03      
  1.05409e+02       7.60346e-03      
  1.08555e+02       7.84522e-03      
  1.11702e+02       8.07638e-03      
  1.14848e+02       8.27166e-03      
  1.17995e+02       8.50151e-03      
  1.21141e+02       8.68079e-03      
  1.24288e+02       8.86276e-03      
  1.27434e+02       9.03318e-03      
  1.30581e+02       9.18764e-03      
  1.33727e+02       9.34292e-03      
  1.36874e+02       9.45344e-03      
  1.40020e+02       9.56873e-03      
  1.43167e+02       9.65371e-03      
  1.46313e+02       9.71814e-03      
  1.49460e+02       9.77304e-03      
  1.52607e+02       9.84384e-03      
  1.55753e+02       9.85832e-03      
  1.58900e+02       9.87860e-03      
  1.62046e+02       9.84613e-03      
  1.65193e+02       9.81624e-03      
  1.68339e+02       9.78156e-03      
  1.71486e+02       9.72228e-03      
  1.74632e+02       9.65401e-03      
  1.77779e+02       9.55577e-03      
  1.80925e+02       9.44138e-03      
  1.84072e+02       9.32207e-03      
  1.87218e+02       9.17512e-03      
  1.90365e+02       8.99675e-03      
  1.93511e+02       8.81635e-03      
  1.96658e+02       8.62160e-03      
  1.99804e+02       8.40365e-03      
  2.02951e+02       8.17045e-03      
  2.06097e+02       7.92264e-03      
  2.09244e+02       7.64841e-03      
  2.12391e+02       7.36183e-03      
  2.15537e+02       7.09386e-03      
  2.18684e+02       6.77775e-03      
  2.21830e+02       6.46214e-03      
  2.24977e+02       6.13882e-03      
  2.28123e+02       5.80577e-03      
  2.31270e+02       5.47320e-03      
  2.34416e+02       5.13175e-03      
  2.37563e+02       4.80604e-03      
  2.40709e+02       4.44970e-03      
  2.43856e+02       4.12214e-03      
  2.47002e+02       3.76744e-03      
  2.50149e+02       3.43684e-03      
  2.53295e+02       3.09505e-03      
  2.56442e+02       2.77586e-03      
  2.59588e+02       2.46077e-03      
  2.62735e+02       2.14625e-03      
  2.65881e+02       1.85754e-03      
  2.69028e+02       1.58130e-03      
  2.72175e+02       1.30834e-03      
  2.75321e+02       1.04828e-03      
  2.78468e+02       8.20496e-04      
  2.81614e+02       6.14339e-04      
  2.84761e+02       4.32737e-04      
  2.87907e+02       2.77249e-04      
  2.91054e+02       1.54723e-04      
  2.94200e+02       6.51902e-05      
  2.97347e+02       1.56105e-05      
  3.00493e+02       3.08958e-07      
  3.03640e+02       0.00000e+00      
  3.06786e+02       0.00000e+00      
  3.09933e+02       0.00000e+00      
  3.13079e+02       0.00000e+00      
