# Simulated SAS data with noise
# sigma generated using Sedlak et al, k=100000, c=0.55, https://doi.org/10.1107/S1600576717003077, and rebinned with 10 per bin)
# q            I            sigma       
  1.00000e-03  5.41790e+00  4.90564e-02 
  2.25063e-03  5.38569e+00  3.25924e-02 
  3.50125e-03  5.34196e+00  2.59825e-02 
  4.75188e-03  5.21787e+00  2.21267e-02 
  6.00251e-03  5.12849e+00  1.94932e-02 
  7.25313e-03  5.02542e+00  1.75295e-02 
  8.50376e-03  4.91589e+00  1.59824e-02 
  9.75439e-03  4.75448e+00  1.47181e-02 
  1.10050e-02  4.59698e+00  1.36587e-02 
  1.22556e-02  4.46573e+00  1.27547e-02 
  1.35063e-02  4.34715e+00  1.19729e-02 
  1.47569e-02  4.22631e+00  1.12894e-02 
  1.60075e-02  4.11967e+00  1.06862e-02 
  1.72581e-02  4.00923e+00  1.01488e-02 
  1.85088e-02  3.88227e+00  9.66566e-03 
  1.97594e-02  3.78594e+00  9.22698e-03 
  2.10100e-02  3.66902e+00  8.82464e-03 
  2.22607e-02  3.57293e+00  8.45190e-03 
  2.35113e-02  3.45937e+00  8.10333e-03 
  2.47619e-02  3.35026e+00  7.77455e-03 
  2.60125e-02  3.25849e+00  7.46221e-03 
  2.72632e-02  3.14174e+00  7.16375e-03 
  2.85138e-02  3.01825e+00  6.87739e-03 
  2.97644e-02  2.90230e+00  6.60181e-03 
  3.10150e-02  2.79673e+00  6.33611e-03 
  3.22657e-02  2.68686e+00  6.07966e-03 
  3.35163e-02  2.55559e+00  5.83199e-03 
  3.47669e-02  2.44042e+00  5.59265e-03 
  3.60175e-02  2.32529e+00  5.36127e-03 
  3.72682e-02  2.21608e+00  5.13741e-03 
  3.85188e-02  2.08640e+00  4.92066e-03 
  3.97694e-02  1.97327e+00  4.71054e-03 
  4.10201e-02  1.87669e+00  4.50664e-03 
  4.22707e-02  1.76140e+00  4.30856e-03 
  4.35213e-02  1.65788e+00  4.11596e-03 
  4.47719e-02  1.55163e+00  3.92854e-03 
  4.60226e-02  1.45818e+00  3.74611e-03 
  4.72732e-02  1.34682e+00  3.56853e-03 
  4.85238e-02  1.25244e+00  3.39569e-03 
  4.97744e-02  1.16526e+00  3.22755e-03 
  5.10251e-02  1.06894e+00  3.06408e-03 
  5.22757e-02  9.83655e-01  2.90523e-03 
  5.35263e-02  9.07851e-01  2.75099e-03 
  5.47769e-02  8.29368e-01  2.60127e-03 
  5.60276e-02  7.53527e-01  2.45602e-03 
  5.72782e-02  6.83045e-01  2.31514e-03 
  5.85288e-02  6.20743e-01  2.17855e-03 
  5.97794e-02  5.57996e-01  2.04614e-03 
  6.10301e-02  4.98989e-01  1.91784e-03 
  6.22807e-02  4.45458e-01  1.79361e-03 
  6.35313e-02  3.95131e-01  1.67339e-03 
  6.47820e-02  3.48479e-01  1.55717e-03 
  6.60326e-02  3.04322e-01  1.44494e-03 
  6.72832e-02  2.66136e-01  1.33672e-03 
  6.85338e-02  2.29873e-01  1.23252e-03 
  6.97845e-02  1.95399e-01  1.13234e-03 
  7.10351e-02  1.66788e-01  1.03619e-03 
  7.22857e-02  1.38373e-01  9.44046e-04 
  7.35363e-02  1.17431e-01  8.55904e-04 
  7.47870e-02  9.50736e-02  7.71738e-04 
  7.60376e-02  7.76435e-02  6.91530e-04 
  7.72882e-02  6.13414e-02  6.15285e-04 
  7.85388e-02  4.68683e-02  5.43035e-04 
  7.97895e-02  3.61970e-02  4.74870e-04 
  8.10401e-02  2.70648e-02  4.10961e-04 
  8.22907e-02  1.85716e-02  3.51609e-04 
  8.35414e-02  1.19108e-02  2.97315e-04 
  8.47920e-02  7.53823e-03  2.48906e-04 
  8.60426e-02  3.90436e-03  2.07714e-04 
  8.72932e-02  1.60702e-03  1.75749e-04 
  8.85439e-02  3.40748e-04  1.55490e-04 
  8.97945e-02  -1.72881e-04 1.48613e-04 
  9.10451e-02  4.93539e-04  1.54162e-04 
  9.22957e-02  1.49511e-03  1.68678e-04 
  9.35464e-02  2.63277e-03  1.88310e-04 
  9.47970e-02  4.89653e-03  2.10209e-04 
  9.60476e-02  7.10529e-03  2.32608e-04 
  9.72982e-02  1.01560e-02  2.54476e-04 
  9.85489e-02  1.26222e-02  2.75223e-04 
  9.97995e-02  1.46388e-02  2.94512e-04 
  1.01050e-01  1.76624e-02  3.12147e-04 
  1.02301e-01  2.05306e-02  3.28019e-04 
  1.03551e-01  2.31206e-02  3.42077e-04 
  1.04802e-01  2.49970e-02  3.54296e-04 
  1.06053e-01  2.81319e-02  3.64683e-04 
  1.07303e-01  2.93272e-02  3.73266e-04 
  1.08554e-01  3.06507e-02  3.80080e-04 
  1.09805e-01  3.14771e-02  3.85183e-04 
  1.11055e-01  3.32116e-02  3.88641e-04 
  1.12306e-01  3.39910e-02  3.90526e-04 
  1.13556e-01  3.40953e-02  3.90921e-04 
  1.14807e-01  3.51523e-02  3.89905e-04 
  1.16058e-01  3.43126e-02  3.87564e-04 
  1.17308e-01  3.42189e-02  3.83981e-04 
  1.18559e-01  3.42714e-02  3.79234e-04 
  1.19810e-01  3.30496e-02  3.73401e-04 
  1.21060e-01  3.19158e-02  3.66560e-04 
  1.22311e-01  3.09783e-02  3.58785e-04 
  1.23561e-01  2.94248e-02  3.50152e-04 
  1.24812e-01  2.82022e-02  3.40738e-04 
  1.26063e-01  2.68901e-02  3.30624e-04 
  1.27313e-01  2.45282e-02  3.19893e-04 
  1.28564e-01  2.31182e-02  3.08629e-04 
  1.29815e-01  2.14051e-02  2.96922e-04 
  1.31065e-01  1.95332e-02  2.84861e-04 
  1.32316e-01  1.70846e-02  2.72533e-04 
  1.33566e-01  1.56385e-02  2.60029e-04 
  1.34817e-01  1.45202e-02  2.47434e-04 
  1.36068e-01  1.25091e-02  2.34836e-04 
  1.37318e-01  1.08256e-02  2.22324e-04 
  1.38569e-01  9.34747e-03  2.09985e-04 
  1.39820e-01  7.73503e-03  1.97913e-04 
  1.41070e-01  6.46785e-03  1.86210e-04 
  1.42321e-01  5.47735e-03  1.74980e-04 
  1.43571e-01  4.04614e-03  1.64343e-04 
  1.44822e-01  3.31256e-03  1.54422e-04 
  1.46073e-01  2.53343e-03  1.45349e-04 
  1.47323e-01  2.00351e-03  1.37259e-04 
  1.48574e-01  1.17761e-03  1.30277e-04 
  1.49825e-01  7.93432e-04  1.24512e-04 
  1.51075e-01  3.60894e-04  1.20040e-04 
  1.52326e-01  3.34058e-04  1.16892e-04 
  1.53576e-01  1.76006e-04  1.15048e-04 
  1.54827e-01  6.87171e-05  1.14431e-04 
  1.56078e-01  3.52645e-04  1.14920e-04 
  1.57328e-01  4.55383e-04  1.16361e-04 
  1.58579e-01  5.69996e-04  1.18583e-04 
  1.59830e-01  7.86408e-04  1.21413e-04 
  1.61080e-01  1.07626e-03  1.24687e-04 
  1.62331e-01  1.51952e-03  1.28255e-04 
  1.63581e-01  1.88843e-03  1.31986e-04 
  1.64832e-01  2.43766e-03  1.35765e-04 
  1.66083e-01  3.07218e-03  1.39494e-04 
  1.67333e-01  3.24737e-03  1.43093e-04 
  1.68584e-01  3.55870e-03  1.46491e-04 
  1.69835e-01  4.07808e-03  1.49636e-04 
  1.71085e-01  4.40387e-03  1.52483e-04 
  1.72336e-01  4.95721e-03  1.55000e-04 
  1.73586e-01  5.18612e-03  1.57163e-04 
  1.74837e-01  5.73988e-03  1.58958e-04 
  1.76088e-01  5.84487e-03  1.60374e-04 
  1.77338e-01  5.91414e-03  1.61410e-04 
  1.78589e-01  6.16266e-03  1.62067e-04 
  1.79840e-01  6.17430e-03  1.62348e-04 
  1.81090e-01  6.46148e-03  1.62263e-04 
  1.82341e-01  6.11620e-03  1.61819e-04 
  1.83591e-01  6.29363e-03  1.61029e-04 
  1.84842e-01  6.10604e-03  1.59905e-04 
  1.86093e-01  6.12261e-03  1.58462e-04 
  1.87343e-01  5.85948e-03  1.56718e-04 
  1.88594e-01  5.67421e-03  1.54692e-04 
  1.89845e-01  5.49547e-03  1.52407e-04 
  1.91095e-01  5.13080e-03  1.49887e-04 
  1.92346e-01  5.05199e-03  1.47158e-04 
  1.93596e-01  4.45415e-03  1.44248e-04 
  1.94847e-01  4.27321e-03  1.41187e-04 
  1.96098e-01  3.72095e-03  1.38004e-04 
  1.97348e-01  3.37933e-03  1.34730e-04 
  1.98599e-01  3.09753e-03  1.31396e-04 
  1.99850e-01  2.74255e-03  1.28033e-04 
  2.01100e-01  2.41271e-03  1.24673e-04 
  2.02351e-01  2.22806e-03  1.21349e-04 
  2.03602e-01  2.02065e-03  1.18093e-04 
  2.04852e-01  1.79598e-03  1.14939e-04 
  2.06103e-01  1.45953e-03  1.11919e-04 
  2.07353e-01  1.03974e-03  1.09066e-04 
  2.08604e-01  9.69594e-04  1.06410e-04 
  2.09855e-01  5.42209e-04  1.03979e-04 
  2.11105e-01  4.61853e-04  1.01797e-04 
  2.12356e-01  3.27139e-04  9.98810e-05 
  2.13607e-01  1.71214e-04  9.82446e-05 
  2.14857e-01  -1.91240e-05 9.68939e-05 
  2.16108e-01  -3.60594e-05 9.58280e-05 
  2.17358e-01  -7.41149e-05 9.50407e-05 
  2.18609e-01  -7.69695e-05 9.45198e-05 
  2.19860e-01  -1.94921e-04 9.42490e-05 
  2.21110e-01  7.81821e-05  9.42087e-05 
  2.22361e-01  1.02570e-04  9.43757e-05 
  2.23612e-01  4.72326e-05  9.47256e-05 
  2.24862e-01  1.58533e-04  9.52323e-05 
  2.26113e-01  9.78814e-05  9.58683e-05 
  2.27363e-01  4.16892e-04  9.66066e-05 
  2.28614e-01  2.95942e-04  9.74188e-05 
  2.29865e-01  5.48633e-04  9.82783e-05 
  2.31115e-01  5.99138e-04  9.91588e-05 
  2.32366e-01  6.86146e-04  1.00036e-04 
  2.33617e-01  7.61607e-04  1.00886e-04 
  2.34867e-01  9.90775e-04  1.01692e-04 
  2.36118e-01  1.05988e-03  1.02433e-04 
  2.37368e-01  1.20202e-03  1.03098e-04 
  2.38619e-01  1.19548e-03  1.03674e-04 
  2.39870e-01  1.20337e-03  1.04152e-04 
  2.41120e-01  1.32599e-03  1.04526e-04 
  2.42371e-01  1.42489e-03  1.04791e-04 
  2.43622e-01  1.61391e-03  1.04944e-04 
  2.44872e-01  1.46550e-03  1.04985e-04 
  2.46123e-01  1.52138e-03  1.04912e-04 
  2.47373e-01  1.68024e-03  1.04726e-04 
  2.48624e-01  1.62408e-03  1.04429e-04 
  2.49875e-01  1.40985e-03  1.04025e-04 
  2.51125e-01  1.62802e-03  1.03518e-04 
  2.52376e-01  1.57740e-03  1.02914e-04 
  2.53627e-01  1.59537e-03  1.02219e-04 
  2.54877e-01  1.28884e-03  1.01442e-04 
  2.56128e-01  1.37909e-03  1.00591e-04 
  2.57378e-01  1.29267e-03  9.96777e-05 
  2.58629e-01  1.16369e-03  9.87107e-05 
  2.59880e-01  1.09106e-03  9.77015e-05 
  2.61130e-01  1.04144e-03  9.66611e-05 
  2.62381e-01  9.25308e-04  9.56002e-05 
  2.63632e-01  9.05403e-04  9.45297e-05 
  2.64882e-01  8.34055e-04  9.34605e-05 
  2.66133e-01  6.99582e-04  9.24028e-05 
  2.67383e-01  6.15209e-04  9.13674e-05 
  2.68634e-01  6.58949e-04  9.03638e-05 
  2.69885e-01  2.86719e-04  8.94019e-05 
  2.71135e-01  2.86351e-04  8.84907e-05 
  2.72386e-01  1.90465e-04  8.76379e-05 
  2.73637e-01  1.43192e-04  8.68509e-05 
  2.74887e-01  -5.00071e-05 8.61354e-05 
  2.76138e-01  7.11226e-05  8.54956e-05 
  2.77388e-01  5.75049e-06  8.49344e-05 
  2.78639e-01  3.41597e-05  8.44528e-05 
  2.79890e-01  -1.15678e-04 8.40507e-05 
  2.81140e-01  -1.43287e-04 8.37266e-05 
  2.82391e-01  -1.43691e-04 8.34775e-05 
  2.83642e-01  6.17378e-06  8.32996e-05 
  2.84892e-01  -2.41747e-04 8.31886e-05 
  2.86143e-01  -4.10897e-05 8.31386e-05 
  2.87393e-01  3.36186e-05  8.31439e-05 
  2.88644e-01  7.90842e-05  8.31978e-05 
  2.89895e-01  -3.88625e-06 8.32932e-05 
  2.91145e-01  7.06432e-05  8.34229e-05 
  2.92396e-01  3.63679e-06  8.35789e-05 
  2.93647e-01  1.72392e-04  8.37535e-05 
  2.94897e-01  2.31914e-04  8.39391e-05 
  2.96148e-01  3.49845e-04  8.41277e-05 
  2.97398e-01  5.43430e-04  8.43125e-05 
  2.98649e-01  5.08533e-04  8.44865e-05 
  2.99900e-01  3.16918e-04  8.46438e-05 
  3.01150e-01  3.10265e-04  8.47794e-05 
  3.02401e-01  3.91602e-04  8.48884e-05 
  3.03652e-01  6.19449e-04  8.49673e-05 
  3.04902e-01  4.64415e-04  8.50130e-05 
  3.06153e-01  4.43231e-04  8.50231e-05 
  3.07404e-01  5.05106e-04  8.49958e-05 
  3.08654e-01  6.06861e-04  8.49301e-05 
  3.09905e-01  6.25157e-04  8.48250e-05 
  3.11155e-01  4.54203e-04  8.46807e-05 
  3.12406e-01  5.36302e-04  8.44972e-05 
  3.13657e-01  3.61086e-04  8.42756e-05 
  3.14907e-01  4.68637e-04  8.40177e-05 
  3.16158e-01  3.95129e-04  8.37250e-05 
  3.17409e-01  5.61508e-04  8.34004e-05 
  3.18659e-01  4.78866e-04  8.30471e-05 
  3.19910e-01  4.77173e-04  8.26682e-05 
  3.21160e-01  3.75209e-04  8.22679e-05 
  3.22411e-01  3.85207e-04  8.18500e-05 
  3.23662e-01  3.74343e-04  8.14190e-05 
  3.24912e-01  2.97627e-04  8.09794e-05 
  3.26163e-01  2.03554e-04  8.05355e-05 
  3.27414e-01  2.89873e-04  8.00920e-05 
  3.28664e-01  2.67486e-04  7.96534e-05 
  3.29915e-01  2.54868e-04  7.92239e-05 
  3.31165e-01  1.54720e-04  7.88076e-05 
  3.32416e-01  1.26147e-04  7.84083e-05 
  3.33667e-01  3.94816e-05  7.80295e-05 
  3.34917e-01  1.16712e-04  7.76742e-05 
  3.36168e-01  8.25052e-05  7.73446e-05 
  3.37419e-01  1.50470e-05  7.70426e-05 
  3.38669e-01  4.04300e-05  7.67697e-05 
  3.39920e-01  -1.76286e-05 7.65263e-05 
  3.41170e-01  1.20989e-04  7.63126e-05 
  3.42421e-01  1.39008e-04  7.61280e-05 
  3.43672e-01  -2.63207e-05 7.59718e-05 
  3.44922e-01  5.13914e-05  7.58428e-05 
  3.46173e-01  -1.14146e-04 7.57393e-05 
  3.47424e-01  -5.99552e-05 7.56594e-05 
  3.48674e-01  1.43636e-04  7.56013e-05 
  3.49925e-01  -1.43155e-05 7.55623e-05 
  3.51175e-01  1.42133e-04  7.55403e-05 
  3.52426e-01  1.12123e-05  7.55323e-05 
  3.53677e-01  6.78966e-05  7.55357e-05 
  3.54927e-01  1.50870e-04  7.55476e-05 
  3.56178e-01  9.09136e-05  7.55651e-05 
  3.57429e-01  5.21963e-05  7.55853e-05 
  3.58679e-01  2.76702e-04  7.56056e-05 
  3.59930e-01  3.06371e-04  7.56232e-05 
  3.61180e-01  1.43332e-04  7.56359e-05 
  3.62431e-01  1.03065e-04  7.56413e-05 
  3.63682e-01  2.17012e-04  7.56375e-05 
  3.64932e-01  3.61101e-04  7.56230e-05 
  3.66183e-01  2.44729e-04  7.55960e-05 
  3.67434e-01  2.43754e-04  7.55552e-05 
  3.68684e-01  2.97115e-04  7.54994e-05 
  3.69935e-01  2.29971e-04  7.54276e-05 
  3.71185e-01  1.54200e-04  7.53390e-05 
  3.72436e-01  2.36019e-04  7.52330e-05 
  3.73687e-01  2.58491e-04  7.51093e-05 
  3.74937e-01  3.10078e-04  7.49682e-05 
  3.76188e-01  3.75069e-04  7.48098e-05 
  3.77439e-01  4.59010e-04  7.46352e-05 
  3.78689e-01  3.86886e-04  7.44455e-05 
  3.79940e-01  2.15205e-04  7.42421e-05 
  3.81190e-01  2.48925e-04  7.40270e-05 
  3.82441e-01  2.06492e-04  7.38017e-05 
  3.83692e-01  1.21705e-04  7.35685e-05 
  3.84942e-01  2.20488e-04  7.33293e-05 
  3.86193e-01  1.55398e-04  7.30858e-05 
  3.87444e-01  1.52766e-04  7.28401e-05 
  3.88694e-01  2.45804e-04  7.25938e-05 
  3.89945e-01  1.75568e-04  7.23484e-05 
  3.91195e-01  1.09623e-05  7.21058e-05 
  3.92446e-01  8.51941e-05  7.18673e-05 
  3.93697e-01  1.12500e-04  7.16346e-05 
  3.94947e-01  7.65448e-05  7.14094e-05 
  3.96198e-01  5.17407e-05  7.11930e-05 
  3.97449e-01  2.91950e-05  7.09872e-05 
  3.98699e-01  7.41608e-05  7.07933e-05 
  3.99950e-01  1.04177e-04  7.06124e-05 
  4.01201e-01  6.86348e-05  7.04456e-05 
  4.02451e-01  7.36180e-05  7.02936e-05 
  4.03702e-01  -6.68143e-06 7.01566e-05 
  4.04952e-01  4.41464e-05  7.00346e-05 
  4.06203e-01  3.15141e-05  6.99271e-05 
  4.07454e-01  -5.71909e-05 6.98338e-05 
  4.08704e-01  -4.19705e-05 6.97537e-05 
  4.09955e-01  -3.22573e-05 6.96859e-05 
  4.11206e-01  -2.03761e-05 6.96293e-05 
  4.12456e-01  2.11414e-04  6.95830e-05 
  4.13707e-01  -4.44964e-05 6.95456e-05 
  4.14957e-01  4.08662e-05  6.95162e-05 
  4.16208e-01  4.46401e-05  6.94935e-05 
  4.17459e-01  2.84803e-05  6.94763e-05 
  4.18709e-01  5.95461e-05  6.94635e-05 
  4.19960e-01  -4.75070e-05 6.94535e-05 
  4.21211e-01  1.29623e-04  6.94450e-05 
  4.22461e-01  4.76782e-06  6.94367e-05 
  4.23712e-01  1.28796e-04  6.94268e-05 
  4.24962e-01  1.97992e-04  6.94139e-05 
  4.26213e-01  7.63064e-05  6.93965e-05 
  4.27464e-01  1.66550e-04  6.93731e-05 
  4.28714e-01  2.23536e-04  6.93427e-05 
  4.29965e-01  9.71906e-05  6.93040e-05 
  4.31216e-01  1.65795e-04  6.92561e-05 
  4.32466e-01  1.58740e-04  6.91984e-05 
  4.33717e-01  1.22024e-04  6.91303e-05 
  4.34967e-01  1.02485e-04  6.90516e-05 
  4.36218e-01  1.32606e-04  6.89622e-05 
  4.37469e-01  2.17116e-04  6.88623e-05 
  4.38719e-01  2.16373e-04  6.87523e-05 
  4.39970e-01  1.89584e-04  6.86327e-05 
  4.41221e-01  1.54156e-04  6.85041e-05 
  4.42471e-01  1.66139e-04  6.83676e-05 
  4.43722e-01  8.94117e-05  6.82240e-05 
  4.44972e-01  9.52402e-05  6.80744e-05 
  4.46223e-01  1.22298e-04  6.79198e-05 
  4.47474e-01  2.02800e-04  6.77613e-05 
  4.48724e-01  1.26632e-04  6.76003e-05 
  4.49975e-01  -1.28039e-05 6.74374e-05 
  4.51226e-01  1.39456e-04  6.72739e-05 
  4.52476e-01  2.42608e-04  6.71107e-05 
  4.53727e-01  6.02920e-05  6.69484e-05 
  4.54977e-01  1.48184e-04  6.67881e-05 
  4.56228e-01  7.98969e-05  6.66301e-05 
  4.57479e-01  2.32932e-05  6.64754e-05 
  4.58729e-01  5.45252e-05  6.63245e-05 
  4.59980e-01  7.91421e-05  6.61779e-05 
  4.61231e-01  8.12906e-05  6.60364e-05 
  4.62481e-01  3.76188e-05  6.59005e-05 
  4.63732e-01  4.75677e-05  6.57707e-05 
  4.64982e-01  -8.98306e-07 6.56478e-05 
  4.66233e-01  3.68113e-05  6.55319e-05 
  4.67484e-01  -2.57077e-05 6.54236e-05 
  4.68734e-01  7.37802e-05  6.53232e-05 
  4.69985e-01  2.18192e-05  6.52306e-05 
  4.71236e-01  -7.19108e-05 6.51459e-05 
  4.72486e-01  9.83627e-05  6.50688e-05 
  4.73737e-01  -8.04528e-06 6.49988e-05 
  4.74987e-01  1.05658e-04  6.49354e-05 
  4.76238e-01  7.45467e-06  6.48778e-05 
  4.77489e-01  8.26874e-05  6.48251e-05 
  4.78739e-01  -1.86253e-05 6.47766e-05 
  4.79990e-01  5.46613e-05  6.47311e-05 
  4.81241e-01  7.23335e-05  6.46877e-05 
  4.82491e-01  7.88784e-05  6.46458e-05 
  4.83742e-01  7.08900e-05  6.46042e-05 
  4.84992e-01  1.86378e-04  6.45625e-05 
  4.86243e-01  -4.74843e-05 6.45196e-05 
  4.87494e-01  5.01686e-05  6.44753e-05 
  4.88744e-01  1.34685e-04  6.44288e-05 
  4.89995e-01  1.01196e-04  6.43795e-05 
  4.91246e-01  3.54265e-05  6.43271e-05 
  4.92496e-01  9.81126e-05  6.42710e-05 
  4.93747e-01  9.81483e-06  6.42107e-05 
  4.94997e-01  7.04343e-05  6.41460e-05 
  4.96248e-01  7.53528e-05  6.40764e-05 
  4.97499e-01  8.06380e-05  6.40016e-05 
  4.98749e-01  4.81539e-05  6.39215e-05 
  5.00000e-01  1.42964e-04  6.38361e-05 
