# r                 p(r)             
  2.09754e+00       0.00000e+00      
  6.29263e+00       2.10880e-02      
  1.04877e+01       7.81251e-02      
  1.46828e+01       1.63213e-01      
  1.88779e+01       2.67915e-01      
  2.30730e+01       3.83529e-01      
  2.72680e+01       5.05374e-01      
  3.14631e+01       6.23595e-01      
  3.56582e+01       7.35151e-01      
  3.98533e+01       8.34601e-01      
  4.40484e+01       9.11346e-01      
  4.82435e+01       9.67698e-01      
  5.24385e+01       9.97296e-01      
  5.66336e+01       1.00000e+00      
  6.08287e+01       9.73730e-01      
  6.50238e+01       9.21585e-01      
  6.92189e+01       8.47273e-01      
  7.34140e+01       7.48525e-01      
  7.76091e+01       6.33434e-01      
  8.18041e+01       5.04147e-01      
  8.59992e+01       3.74098e-01      
  9.01943e+01       2.54386e-01      
  9.43894e+01       1.59106e-01      
  9.85845e+01       9.94782e-02      
  1.02780e+02       8.84259e-02      
  1.06975e+02       9.36127e-02      
  1.11170e+02       9.89391e-02      
  1.15365e+02       1.04170e-01      
  1.19560e+02       1.09160e-01      
  1.23755e+02       1.14354e-01      
  1.27950e+02       1.19368e-01      
  1.32145e+02       1.23768e-01      
  1.36340e+02       1.28447e-01      
  1.40535e+02       1.32777e-01      
  1.44730e+02       1.37155e-01      
  1.48925e+02       1.41494e-01      
  1.53121e+02       1.44759e-01      
  1.57316e+02       1.48453e-01      
  1.61511e+02       1.52211e-01      
  1.65706e+02       1.55547e-01      
  1.69901e+02       1.58432e-01      
  1.74096e+02       1.60907e-01      
  1.78291e+02       1.63130e-01      
  1.82486e+02       1.65457e-01      
  1.86681e+02       1.66946e-01      
  1.90876e+02       1.68511e-01      
  1.95071e+02       1.70010e-01      
  1.99266e+02       1.71105e-01      
  2.03462e+02       1.72162e-01      
  2.07657e+02       1.72930e-01      
  2.11852e+02       1.72720e-01      
  2.16047e+02       1.72764e-01      
  2.20242e+02       1.72352e-01      
  2.24437e+02       1.71480e-01      
  2.28632e+02       1.70154e-01      
  2.32827e+02       1.68574e-01      
  2.37022e+02       1.66979e-01      
  2.41217e+02       1.64572e-01      
  2.45412e+02       1.62003e-01      
  2.49607e+02       1.59238e-01      
  2.53803e+02       1.56258e-01      
  2.57998e+02       1.52860e-01      
  2.62193e+02       1.49594e-01      
  2.66388e+02       1.45602e-01      
  2.70583e+02       1.41436e-01      
  2.74778e+02       1.37298e-01      
  2.78973e+02       1.32589e-01      
  2.83168e+02       1.27906e-01      
  2.87363e+02       1.22960e-01      
  2.91558e+02       1.18235e-01      
  2.95753e+02       1.13097e-01      
  2.99948e+02       1.07561e-01      
  3.04144e+02       1.02354e-01      
  3.08339e+02       9.65051e-02      
  3.12534e+02       9.09503e-02      
  3.16729e+02       8.51420e-02      
  3.20924e+02       7.94771e-02      
  3.25119e+02       7.35033e-02      
  3.29314e+02       6.75049e-02      
  3.33509e+02       6.14846e-02      
  3.37704e+02       5.56135e-02      
  3.41899e+02       4.97188e-02      
  3.46094e+02       4.40516e-02      
  3.50289e+02       3.84002e-02      
  3.54485e+02       3.32219e-02      
  3.58680e+02       2.80403e-02      
  3.62875e+02       2.30580e-02      
  3.67070e+02       1.86554e-02      
  3.71265e+02       1.46042e-02      
  3.75460e+02       1.08708e-02      
  3.79655e+02       7.70891e-03      
  3.83850e+02       4.92963e-03      
  3.88045e+02       2.78049e-03      
  3.92240e+02       1.18123e-03      
  3.96435e+02       2.90506e-04      
  4.00630e+02       1.07089e-05      
  4.04826e+02       8.25852e-08      
  4.09021e+02       0.00000e+00      
  4.13216e+02       0.00000e+00      
  4.17411e+02       0.00000e+00      
