# r                 p(r)             
  3.14629e+00       4.64414e-06      
  9.43886e+00       3.16431e-05      
  1.57314e+01       8.35788e-05      
  2.20240e+01       1.58578e-04      
  2.83166e+01       2.61961e-04      
  3.46091e+01       3.81071e-04      
  4.09017e+01       5.24095e-04      
  4.71943e+01       6.82437e-04      
  5.34869e+01       8.62834e-04      
  5.97794e+01       1.04290e-03      
  6.60720e+01       1.26525e-03      
  7.23646e+01       1.48518e-03      
  7.86571e+01       1.72231e-03      
  8.49497e+01       1.97370e-03      
  9.12423e+01       2.22845e-03      
  9.75349e+01       2.49970e-03      
  1.03827e+02       2.78153e-03      
  1.10120e+02       3.04870e-03      
  1.16413e+02       3.34693e-03      
  1.22705e+02       3.63737e-03      
  1.28998e+02       3.93478e-03      
  1.35290e+02       4.24278e-03      
  1.41583e+02       4.53548e-03      
  1.47875e+02       4.82600e-03      
  1.54168e+02       5.11619e-03      
  1.60461e+02       5.45576e-03      
  1.66753e+02       5.72448e-03      
  1.73046e+02       6.02233e-03      
  1.79338e+02       6.30860e-03      
  1.85631e+02       6.60756e-03      
  1.91923e+02       6.85689e-03      
  1.98216e+02       7.13579e-03      
  2.04509e+02       7.38236e-03      
  2.10801e+02       7.64385e-03      
  2.17094e+02       7.89620e-03      
  2.23386e+02       8.11034e-03      
  2.29679e+02       8.32726e-03      
  2.35971e+02       8.52116e-03      
  2.42264e+02       8.71236e-03      
  2.48557e+02       8.93358e-03      
  2.54849e+02       9.06313e-03      
  2.61142e+02       9.21120e-03      
  2.67434e+02       9.36189e-03      
  2.73727e+02       9.47554e-03      
  2.80019e+02       9.59903e-03      
  2.86312e+02       9.67165e-03      
  2.92605e+02       9.74675e-03      
  2.98897e+02       9.78629e-03      
  3.05190e+02       9.83415e-03      
  3.11482e+02       9.83569e-03      
  3.17775e+02       9.83961e-03      
  3.24067e+02       9.82179e-03      
  3.30360e+02       9.80312e-03      
  3.36653e+02       9.71677e-03      
  3.42945e+02       9.65448e-03      
  3.49238e+02       9.56211e-03      
  3.55530e+02       9.47376e-03      
  3.61823e+02       9.34266e-03      
  3.68115e+02       9.21475e-03      
  3.74408e+02       9.04890e-03      
  3.80701e+02       8.91566e-03      
  3.86993e+02       8.71359e-03      
  3.93286e+02       8.51232e-03      
  3.99578e+02       8.29994e-03      
  4.05871e+02       8.07825e-03      
  4.12163e+02       7.83977e-03      
  4.18456e+02       7.58368e-03      
  4.24749e+02       7.31775e-03      
  4.31041e+02       7.01353e-03      
  4.37334e+02       6.73703e-03      
  4.43626e+02       6.45090e-03      
  4.49919e+02       6.15763e-03      
  4.56211e+02       5.83147e-03      
  4.62504e+02       5.51110e-03      
  4.68797e+02       5.19908e-03      
  4.75089e+02       4.85735e-03      
  4.81382e+02       4.51362e-03      
  4.87674e+02       4.17294e-03      
  4.93967e+02       3.85747e-03      
  5.00259e+02       3.52471e-03      
  5.06552e+02       3.18928e-03      
  5.12845e+02       2.84480e-03      
  5.19137e+02       2.54127e-03      
  5.25430e+02       2.23109e-03      
  5.31722e+02       1.91513e-03      
  5.38015e+02       1.63584e-03      
  5.44307e+02       1.37265e-03      
  5.50600e+02       1.11256e-03      
  5.56893e+02       8.85992e-04      
  5.63185e+02       6.71370e-04      
  5.69478e+02       4.80393e-04      
  5.75770e+02       3.18683e-04      
  5.82063e+02       1.77658e-04      
  5.88355e+02       7.61639e-05      
  5.94648e+02       1.64198e-05      
  6.00941e+02       2.83371e-07      
  6.07233e+02       0.00000e+00      
  6.13526e+02       0.00000e+00      
  6.19818e+02       0.00000e+00      
  6.26111e+02       0.00000e+00      
