# Theoretical SAS data
# q            I           
  1.00000e-03  9.99501e-01 
  2.25063e-03  9.97472e-01 
  3.50125e-03  9.93892e-01 
  4.75188e-03  9.88775e-01 
  6.00251e-03  9.82140e-01 
  7.25313e-03  9.74015e-01 
  8.50376e-03  9.64431e-01 
  9.75439e-03  9.53427e-01 
  1.10050e-02  9.41047e-01 
  1.22556e-02  9.27338e-01 
  1.35063e-02  9.12355e-01 
  1.47569e-02  8.96156e-01 
  1.60075e-02  8.78803e-01 
  1.72581e-02  8.60362e-01 
  1.85088e-02  8.40905e-01 
  1.97594e-02  8.20504e-01 
  2.10100e-02  7.99234e-01 
  2.22607e-02  7.77176e-01 
  2.35113e-02  7.54408e-01 
  2.47619e-02  7.31012e-01 
  2.60125e-02  7.07073e-01 
  2.72632e-02  6.82673e-01 
  2.85138e-02  6.57895e-01 
  2.97644e-02  6.32825e-01 
  3.10150e-02  6.07544e-01 
  3.22657e-02  5.82134e-01 
  3.35163e-02  5.56677e-01 
  3.47669e-02  5.31250e-01 
  3.60175e-02  5.05930e-01 
  3.72682e-02  4.80791e-01 
  3.85188e-02  4.55905e-01 
  3.97694e-02  4.31339e-01 
  4.10201e-02  4.07157e-01 
  4.22707e-02  3.83421e-01 
  4.35213e-02  3.60188e-01 
  4.47719e-02  3.37511e-01 
  4.60226e-02  3.15438e-01 
  4.72732e-02  2.94013e-01 
  4.85238e-02  2.73278e-01 
  4.97744e-02  2.53266e-01 
  5.10251e-02  2.34009e-01 
  5.22757e-02  2.15533e-01 
  5.35263e-02  1.97859e-01 
  5.47769e-02  1.81005e-01 
  5.60276e-02  1.64982e-01 
  5.72782e-02  1.49801e-01 
  5.85288e-02  1.35463e-01 
  5.97794e-02  1.21970e-01 
  6.10301e-02  1.09317e-01 
  6.22807e-02  9.74959e-02 
  6.35313e-02  8.64958e-02 
  6.47820e-02  7.63018e-02 
  6.60326e-02  6.68960e-02 
  6.72832e-02  5.82578e-02 
  6.85338e-02  5.03638e-02 
  6.97845e-02  4.31881e-02 
  7.10351e-02  3.67032e-02 
  7.22857e-02  3.08792e-02 
  7.35363e-02  2.56851e-02 
  7.47870e-02  2.10882e-02 
  7.60376e-02  1.70552e-02 
  7.72882e-02  1.35517e-02 
  7.85388e-02  1.05428e-02 
  7.97895e-02  7.99367e-03 
  8.10401e-02  5.86903e-03 
  8.22907e-02  4.13402e-03 
  8.35414e-02  2.75415e-03 
  8.47920e-02  1.69554e-03 
  8.60426e-02  9.25087e-04 
  8.72932e-02  4.10675e-04 
  8.85439e-02  1.21303e-04 
  8.97945e-02  2.72346e-05 
  9.10451e-02  1.00116e-04 
  9.22957e-02  3.13084e-04 
  9.35464e-02  6.40858e-04 
  9.47970e-02  1.05980e-03 
  9.60476e-02  1.54800e-03 
  9.72982e-02  2.08526e-03 
  9.85489e-02  2.65318e-03 
  9.97995e-02  3.23513e-03 
  1.01050e-01  3.81624e-03 
  1.02301e-01  4.38339e-03 
  1.03551e-01  4.92520e-03 
  1.04802e-01  5.43192e-03 
  1.06053e-01  5.89544e-03 
  1.07303e-01  6.30920e-03 
  1.08554e-01  6.66810e-03 
  1.09805e-01  6.96843e-03 
  1.11055e-01  7.20778e-03 
  1.12306e-01  7.38494e-03 
  1.13556e-01  7.49981e-03 
  1.14807e-01  7.55330e-03 
  1.16058e-01  7.54720e-03 
  1.17308e-01  7.48409e-03 
  1.18559e-01  7.36725e-03 
  1.19810e-01  7.20054e-03 
  1.21060e-01  6.98829e-03 
  1.22311e-01  6.73521e-03 
  1.23561e-01  6.44629e-03 
  1.24812e-01  6.12673e-03 
  1.26063e-01  5.78182e-03 
  1.27313e-01  5.41686e-03 
  1.28564e-01  5.03713e-03 
  1.29815e-01  4.64777e-03 
  1.31065e-01  4.25373e-03 
  1.32316e-01  3.85974e-03 
  1.33566e-01  3.47023e-03 
  1.34817e-01  3.08931e-03 
  1.36068e-01  2.72073e-03 
  1.37318e-01  2.36785e-03 
  1.38569e-01  2.03361e-03 
  1.39820e-01  1.72056e-03 
  1.41070e-01  1.43077e-03 
  1.42321e-01  1.16594e-03 
  1.43571e-01  9.27302e-04 
  1.44822e-01  7.15688e-04 
  1.46073e-01  5.31529e-04 
  1.47323e-01  3.74873e-04 
  1.48574e-01  2.45411e-04 
  1.49825e-01  1.42499e-04 
  1.51075e-01  6.51895e-05 
  1.52326e-01  1.22628e-05 
  1.53576e-01  -1.77422e-05
  1.54827e-01  -2.64927e-05
  1.56078e-01  -1.58281e-05
  1.57328e-01  1.22753e-05 
  1.58579e-01  5.57387e-05 
  1.59830e-01  1.12415e-04 
  1.61080e-01  1.80120e-04 
  1.62331e-01  2.56667e-04 
  1.63581e-01  3.39894e-04 
  1.64832e-01  4.27691e-04 
  1.66083e-01  5.18029e-04 
  1.67333e-01  6.08977e-04 
  1.68584e-01  6.98729e-04 
  1.69835e-01  7.85616e-04 
  1.71085e-01  8.68123e-04 
  1.72336e-01  9.44901e-04 
  1.73586e-01  1.01478e-03 
  1.74837e-01  1.07676e-03 
  1.76088e-01  1.13003e-03 
  1.77338e-01  1.17398e-03 
  1.78589e-01  1.20815e-03 
  1.79840e-01  1.23229e-03 
  1.81090e-01  1.24630e-03 
  1.82341e-01  1.25026e-03 
  1.83591e-01  1.24439e-03 
  1.84842e-01  1.22907e-03 
  1.86093e-01  1.20478e-03 
  1.87343e-01  1.17213e-03 
  1.88594e-01  1.13184e-03 
  1.89845e-01  1.08470e-03 
  1.91095e-01  1.03156e-03 
  1.92346e-01  9.73351e-04 
  1.93596e-01  9.11005e-04 
  1.94847e-01  8.45492e-04 
  1.96098e-01  7.77783e-04 
  1.97348e-01  7.08840e-04 
  1.98599e-01  6.39598e-04 
  1.99850e-01  5.70960e-04 
  2.01100e-01  5.03778e-04 
  2.02351e-01  4.38847e-04 
  2.03602e-01  3.76894e-04 
  2.04852e-01  3.18574e-04 
  2.06103e-01  2.64458e-04 
  2.07353e-01  2.15034e-04 
  2.08604e-01  1.70699e-04 
  2.09855e-01  1.31763e-04 
  2.11105e-01  9.84414e-05 
  2.12356e-01  7.08611e-05 
  2.13607e-01  4.90607e-05 
  2.14857e-01  3.29940e-05 
  2.16108e-01  2.25344e-05 
  2.17358e-01  1.74802e-05 
  2.18609e-01  1.75606e-05 
  2.19860e-01  2.24430e-05 
  2.21110e-01  3.17398e-05 
  2.22361e-01  4.50169e-05 
  2.23612e-01  6.18018e-05 
  2.24862e-01  8.15921e-05 
  2.26113e-01  1.03864e-04 
  2.27363e-01  1.28080e-04 
  2.28614e-01  1.53700e-04 
  2.29865e-01  1.80186e-04 
  2.31115e-01  2.07010e-04 
  2.32366e-01  2.33666e-04 
  2.33617e-01  2.59668e-04 
  2.34867e-01  2.84566e-04 
  2.36118e-01  3.07943e-04 
  2.37368e-01  3.29425e-04 
  2.38619e-01  3.48681e-04 
  2.39870e-01  3.65430e-04 
  2.41120e-01  3.79439e-04 
  2.42371e-01  3.90527e-04 
  2.43622e-01  3.98566e-04 
  2.44872e-01  4.03479e-04 
  2.46123e-01  4.05241e-04 
  2.47373e-01  4.03875e-04 
  2.48624e-01  3.99452e-04 
  2.49875e-01  3.92089e-04 
  2.51125e-01  3.81940e-04 
  2.52376e-01  3.69200e-04 
  2.53627e-01  3.54095e-04 
  2.54877e-01  3.36880e-04 
  2.56128e-01  3.17833e-04 
  2.57378e-01  2.97251e-04 
  2.58629e-01  2.75443e-04 
  2.59880e-01  2.52730e-04 
  2.61130e-01  2.29433e-04 
  2.62381e-01  2.05874e-04 
  2.63632e-01  1.82367e-04 
  2.64882e-01  1.59217e-04 
  2.66133e-01  1.36714e-04 
  2.67383e-01  1.15130e-04 
  2.68634e-01  9.47141e-05 
  2.69885e-01  7.56922e-05 
  2.71135e-01  5.82627e-05 
  2.72386e-01  4.25947e-05 
  2.73637e-01  2.88271e-05 
  2.74887e-01  1.70671e-05 
  2.76138e-01  7.38984e-06 
  2.77388e-01  -1.61672e-07
  2.78639e-01  -5.57601e-06
  2.79890e-01  -8.87258e-06
  2.81140e-01  -1.01003e-05
  2.82391e-01  -9.33587e-06
  2.83642e-01  -6.68187e-06
  2.84892e-01  -2.26433e-06
  2.86143e-01  3.76981e-06 
  2.87393e-01  1.12555e-05 
  2.88644e-01  2.00125e-05 
  2.89895e-01  2.98486e-05 
  2.91145e-01  4.05627e-05 
  2.92396e-01  5.19479e-05 
  2.93647e-01  6.37948e-05 
  2.94897e-01  7.58945e-05 
  2.96148e-01  8.80417e-05 
  2.97398e-01  1.00037e-04 
  2.98649e-01  1.11692e-04 
  2.99900e-01  1.22826e-04 
  3.01150e-01  1.33276e-04 
  3.02401e-01  1.42891e-04 
  3.03652e-01  1.51540e-04 
  3.04902e-01  1.59108e-04 
  3.06153e-01  1.65503e-04 
  3.07404e-01  1.70650e-04 
  3.08654e-01  1.74496e-04 
  3.09905e-01  1.77008e-04 
  3.11155e-01  1.78174e-04 
  3.12406e-01  1.78003e-04 
  3.13657e-01  1.76521e-04 
  3.14907e-01  1.73774e-04 
  3.16158e-01  1.69824e-04 
  3.17409e-01  1.64750e-04 
  3.18659e-01  1.58642e-04 
  3.19910e-01  1.51604e-04 
  3.21160e-01  1.43751e-04 
  3.22411e-01  1.35203e-04 
  3.23662e-01  1.26089e-04 
  3.24912e-01  1.16540e-04 
  3.26163e-01  1.06692e-04 
  3.27414e-01  9.66766e-05 
  3.28664e-01  8.66272e-05 
  3.29915e-01  7.66715e-05 
  3.31165e-01  6.69321e-05 
  3.32416e-01  5.75242e-05 
  3.33667e-01  4.85548e-05 
  3.34917e-01  4.01206e-05 
  3.36168e-01  3.23076e-05 
  3.37419e-01  2.51898e-05 
  3.38669e-01  1.88286e-05 
  3.39920e-01  1.32726e-05 
  3.41170e-01  8.55690e-06 
  3.42421e-01  4.70340e-06 
  3.43672e-01  1.72067e-06 
  3.44922e-01  -3.95584e-07
  3.46173e-01  -1.66205e-06
  3.47424e-01  -2.10714e-06
  3.48674e-01  -1.77019e-06
  3.49925e-01  -7.00474e-07
  3.51175e-01  1.04386e-06 
  3.52426e-01  3.39695e-06 
  3.53677e-01  6.28649e-06 
  3.54927e-01  9.63500e-06 
  3.56178e-01  1.33612e-05 
  3.57429e-01  1.73813e-05 
  3.58679e-01  2.16105e-05 
  3.59930e-01  2.59640e-05 
  3.61180e-01  3.03586e-05 
  3.62431e-01  3.47138e-05 
  3.63682e-01  3.89529e-05 
  3.64932e-01  4.30039e-05 
  3.66183e-01  4.68008e-05 
  3.67434e-01  5.02841e-05 
  3.68684e-01  5.34014e-05 
  3.69935e-01  5.61084e-05 
  3.71185e-01  5.83690e-05 
  3.72436e-01  6.01556e-05 
  3.73687e-01  6.14491e-05 
  3.74937e-01  6.22395e-05 
  3.76188e-01  6.25250e-05 
  3.77439e-01  6.23123e-05 
  3.78689e-01  6.16159e-05 
  3.79940e-01  6.04578e-05 
  3.81190e-01  5.88671e-05 
  3.82441e-01  5.68787e-05 
  3.83692e-01  5.45332e-05 
  3.84942e-01  5.18758e-05 
  3.86193e-01  4.89555e-05 
  3.87444e-01  4.58241e-05 
  3.88694e-01  4.25355e-05 
  3.89945e-01  3.91446e-05 
  3.91195e-01  3.57066e-05 
  3.92446e-01  3.22758e-05 
  3.93697e-01  2.89052e-05 
  3.94947e-01  2.56452e-05 
  3.96198e-01  2.25432e-05 
  3.97449e-01  1.96429e-05 
  3.98699e-01  1.69837e-05 
  3.99950e-01  1.46000e-05 
  4.01201e-01  1.25211e-05 
  4.02451e-01  1.07704e-05 
  4.03702e-01  9.36576e-06 
  4.04952e-01  8.31901e-06 
  4.06203e-01  7.63592e-06 
  4.07454e-01  7.31633e-06 
  4.08704e-01  7.35429e-06 
  4.09955e-01  7.73829e-06 
  4.11206e-01  8.45159e-06 
  4.12456e-01  9.47256e-06 
  4.13707e-01  1.07752e-05 
  4.14957e-01  1.23296e-05 
  4.16208e-01  1.41025e-05 
  4.17459e-01  1.60581e-05 
  4.18709e-01  1.81581e-05 
  4.19960e-01  2.03632e-05 
  4.21211e-01  2.26330e-05 
  4.22461e-01  2.49271e-05 
  4.23712e-01  2.72055e-05 
  4.24962e-01  2.94293e-05 
  4.26213e-01  3.15613e-05 
  4.27464e-01  3.35666e-05 
  4.28714e-01  3.54129e-05 
  4.29965e-01  3.70712e-05 
  4.31216e-01  3.85159e-05 
  4.32466e-01  3.97255e-05 
  4.33717e-01  4.06824e-05 
  4.34967e-01  4.13735e-05 
  4.36218e-01  4.17900e-05 
  4.37469e-01  4.19276e-05 
  4.38719e-01  4.17865e-05 
  4.39970e-01  4.13712e-05 
  4.41221e-01  4.06905e-05 
  4.42471e-01  3.97570e-05 
  4.43722e-01  3.85872e-05 
  4.44972e-01  3.72008e-05 
  4.46223e-01  3.56206e-05 
  4.47474e-01  3.38719e-05 
  4.48724e-01  3.19823e-05 
  4.49975e-01  2.99808e-05 
  4.51226e-01  2.78979e-05 
  4.52476e-01  2.57647e-05 
  4.53727e-01  2.36125e-05 
  4.54977e-01  2.14722e-05 
  4.56228e-01  1.93741e-05 
  4.57479e-01  1.73475e-05 
  4.58729e-01  1.54196e-05 
  4.59980e-01  1.36161e-05 
  4.61231e-01  1.19601e-05 
  4.62481e-01  1.04720e-05 
  4.63732e-01  9.16941e-06 
  4.64982e-01  8.06683e-06 
  4.66233e-01  7.17538e-06 
  4.67484e-01  6.50284e-06 
  4.68734e-01  6.05353e-06 
  4.69985e-01  5.82835e-06 
  4.71236e-01  5.82479e-06 
  4.72486e-01  6.03710e-06 
  4.73737e-01  6.45636e-06 
  4.74987e-01  7.07074e-06 
  4.76238e-01  7.86572e-06 
  4.77489e-01  8.82437e-06 
  4.78739e-01  9.92762e-06 
  4.79990e-01  1.11547e-05 
  4.81241e-01  1.24832e-05 
  4.82491e-01  1.38900e-05 
  4.83742e-01  1.53510e-05 
  4.84992e-01  1.68419e-05 
  4.86243e-01  1.83385e-05 
  4.87494e-01  1.98170e-05 
  4.88744e-01  2.12544e-05 
  4.89995e-01  2.26289e-05 
  4.91246e-01  2.39200e-05 
  4.92496e-01  2.51090e-05 
  4.93747e-01  2.61793e-05 
  4.94997e-01  2.71162e-05 
  4.96248e-01  2.79078e-05 
  4.97499e-01  2.85443e-05 
  4.98749e-01  2.90188e-05 
  5.00000e-01  2.93268e-05 
