# Simulated SAS data with noise
# sigma generated using Sedlak et al, k=100000, c=0.55, https://doi.org/10.1107/S1600576717003077, and rebinned with 10 per bin)
# q            I            sigma       
  1.00000e-03  3.29689e+01  1.21546e-01 
  2.25063e-03  3.22013e+01  7.97052e-02 
  3.50125e-03  3.03485e+01  6.20697e-02 
  4.75188e-03  2.77779e+01  5.10766e-02 
  6.00251e-03  2.49801e+01  4.29782e-02 
  7.25313e-03  2.17047e+01  3.64504e-02 
  8.50376e-03  1.82862e+01  3.09095e-02 
  9.75439e-03  1.48884e+01  2.60650e-02 
  1.10050e-02  1.17060e+01  2.17624e-02 
  1.22556e-02  8.84381e+00  1.79160e-02 
  1.35063e-02  6.35388e+00  1.44775e-02 
  1.47569e-02  4.32263e+00  1.14181e-02 
  1.60075e-02  2.73059e+00  8.71953e-03 
  1.72581e-02  1.58229e+00  6.36829e-03 
  1.85088e-02  7.83511e-01  4.35214e-03 
  1.97594e-02  3.14600e-01  2.65880e-03 
  2.10100e-02  7.56979e-02  1.27884e-03 
  2.22607e-02  2.99760e-03  2.96919e-04 
  2.35113e-02  2.74295e-02  7.46594e-04 
  2.47619e-02  9.66981e-02  1.32970e-03 
  2.60125e-02  1.71061e-01  1.71457e-03 
  2.72632e-02  2.21321e-01  1.91785e-03 
  2.85138e-02  2.47228e-01  1.96656e-03 
  2.97644e-02  2.36369e-01  1.88941e-03 
  3.10150e-02  2.03729e-01  1.71502e-03 
  3.22657e-02  1.51811e-01  1.47092e-03 
  3.35163e-02  1.04279e-01  1.18298e-03 
  3.47669e-02  5.77503e-02  8.74947e-04 
  3.60175e-02  2.46978e-02  5.68890e-04 
  3.72682e-02  5.82293e-03  2.90105e-04 
  3.85188e-02  -1.50013e-04 1.35220e-04 
  3.97694e-02  5.13576e-03  2.71785e-04 
  4.10201e-02  1.53798e-02  4.37446e-04 
  4.22707e-02  2.98055e-02  5.62938e-04 
  4.35213e-02  3.82577e-02  6.41093e-04 
  4.47719e-02  4.39409e-02  6.72575e-04 
  4.60226e-02  4.37615e-02  6.61293e-04 
  4.72732e-02  3.86907e-02  6.13236e-04 
  4.85238e-02  2.91555e-02  5.35869e-04 
  4.97744e-02  1.95551e-02  4.37761e-04 
  5.10251e-02  1.09680e-02  3.28661e-04 
  5.22757e-02  3.96431e-03  2.21225e-04 
  5.35263e-02  6.34145e-04  1.40326e-04 
  5.47769e-02  8.89131e-04  1.36207e-04 
  5.60276e-02  3.47861e-03  1.96198e-04 
  5.72782e-02  7.33201e-03  2.63845e-04 
  5.85288e-02  1.17296e-02  3.18892e-04 
  5.97794e-02  1.51641e-02  3.55420e-04 
  6.10301e-02  1.79103e-02  3.71867e-04 
  6.22807e-02  1.71728e-02  3.68796e-04 
  6.35313e-02  1.56217e-02  3.48178e-04 
  6.47820e-02  1.30532e-02  3.13054e-04 
  6.60326e-02  8.98825e-03  2.67348e-04 
  6.72832e-02  5.55726e-03  2.15875e-04 
  6.85338e-02  2.93932e-03  1.64838e-04 
  6.97845e-02  7.72623e-04  1.23384e-04 
  7.10351e-02  9.90680e-05  1.04613e-04 
  7.22857e-02  6.53607e-04  1.13829e-04 
  7.35363e-02  1.49212e-03  1.37466e-04 
  7.47870e-02  2.89837e-03  1.61508e-04 
  7.60376e-02  3.97485e-03  1.79317e-04 
  7.72882e-02  4.30216e-03  1.88421e-04 
  7.85388e-02  4.99554e-03  1.88406e-04 
  7.97895e-02  4.30356e-03  1.80107e-04 
  8.10401e-02  3.37594e-03  1.65302e-04 
  8.22907e-02  2.57213e-03  1.46626e-04 
  8.35414e-02  1.36448e-03  1.27595e-04 
  8.47920e-02  8.79680e-04  1.12503e-04 
  8.60426e-02  6.20222e-04  1.05366e-04 
  8.72932e-02  6.76693e-04  1.07409e-04 
  8.85439e-02  1.08549e-03  1.15854e-04 
  8.97945e-02  1.92315e-03  1.26280e-04 
  9.10451e-02  2.17823e-03  1.35085e-04 
  9.22957e-02  2.54541e-03  1.40069e-04 
  9.35464e-02  2.49732e-03  1.40192e-04 
  9.47970e-02  2.28646e-03  1.35278e-04 
  9.60476e-02  1.58113e-03  1.25832e-04 
  9.72982e-02  1.17936e-03  1.12938e-04 
  9.85489e-02  5.99749e-04  9.82403e-05 
  9.97995e-02  5.06515e-05  8.39876e-05 
  1.01050e-01  -3.13284e-04 7.29934e-05 
  1.02301e-01  -5.86660e-04 6.79037e-05 
  1.03551e-01  -4.62331e-04 6.93602e-05 
  1.04802e-01  -2.36940e-04 7.52158e-05 
  1.06053e-01  1.02350e-05  8.23789e-05 
  1.07303e-01  3.20340e-04  8.85137e-05 
  1.08554e-01  5.37893e-04  9.23302e-05 
  1.09805e-01  6.82741e-04  9.33685e-05 
  1.11055e-01  4.78284e-04  9.17985e-05 
  1.12306e-01  4.81234e-04  8.82975e-05 
  1.13556e-01  1.42830e-04  8.39526e-05 
  1.14807e-01  7.48344e-05  8.01067e-05 
  1.16058e-01  1.58863e-05  7.80445e-05 
  1.17308e-01  5.44284e-05  7.85167e-05 
  1.18559e-01  3.19477e-04  8.13886e-05 
  1.19810e-01  4.82401e-04  8.57547e-05 
  1.21060e-01  7.08411e-04  9.04014e-05 
  1.22311e-01  8.81911e-04  9.42206e-05 
  1.23561e-01  1.07582e-03  9.64080e-05 
  1.24812e-01  1.10658e-03  9.65117e-05 
  1.26063e-01  9.33383e-04  9.44208e-05 
  1.27313e-01  5.63848e-04  9.03374e-05 
  1.28564e-01  5.37302e-04  8.47479e-05 
  1.29815e-01  1.57494e-04  7.83882e-05 
  1.31065e-01  4.97569e-05  7.21854e-05 
  1.32316e-01  -2.20774e-04 6.71292e-05 
  1.33566e-01  -3.14791e-04 6.40227e-05 
  1.34817e-01  -2.68158e-04 6.31654e-05 
  1.36068e-01  -3.77459e-04 6.42060e-05 
  1.37318e-01  -3.70566e-04 6.63425e-05 
  1.38569e-01  -1.20936e-05 6.86951e-05 
  1.39820e-01  -1.69871e-06 7.05790e-05 
  1.41070e-01  5.01052e-05  7.16067e-05 
  1.42321e-01  9.06215e-05  7.16899e-05 
  1.43571e-01  1.67541e-04  7.09972e-05 
  1.44822e-01  1.30252e-05  6.98898e-05 
  1.46073e-01  2.59849e-05  6.88309e-05 
  1.47323e-01  -1.71692e-04 6.82640e-05 
  1.48574e-01  3.38509e-05  6.84805e-05 
  1.49825e-01  -6.20759e-06 6.95247e-05 
  1.51075e-01  2.66468e-04  7.11886e-05 
  1.52326e-01  2.19152e-04  7.30956e-05 
  1.53576e-01  3.61633e-04  7.48218e-05 
  1.54827e-01  4.25742e-04  7.60006e-05 
  1.56078e-01  4.68222e-04  7.63873e-05 
  1.57328e-01  4.48883e-04  7.58886e-05 
  1.58579e-01  4.55399e-04  7.45654e-05 
  1.59830e-01  4.51695e-04  7.26176e-05 
  1.61080e-01  2.42557e-04  7.03505e-05 
  1.62331e-01  6.66302e-05  6.81223e-05 
  1.63581e-01  3.62565e-05  6.62715e-05 
  1.64832e-01  8.04651e-05  6.50359e-05 
  1.66083e-01  -9.63945e-05 6.44898e-05 
  1.67333e-01  -1.53103e-05 6.45308e-05 
  1.68584e-01  9.11037e-05  6.49246e-05 
  1.69835e-01  3.40953e-05  6.53862e-05 
  1.71085e-01  9.06662e-05  6.56602e-05 
  1.72336e-01  8.23884e-05  6.55776e-05 
  1.73586e-01  6.87843e-05  6.50838e-05 
  1.74837e-01  2.20360e-04  6.42409e-05 
  1.76088e-01  4.07403e-05  6.32095e-05 
  1.77338e-01  -5.76723e-05 6.22124e-05 
  1.78589e-01  -1.02248e-04 6.14819e-05 
  1.79840e-01  -1.58650e-04 6.12009e-05 
  1.81090e-01  9.20787e-05  6.14522e-05 
  1.82341e-01  -8.91112e-07 6.21982e-05 
  1.83591e-01  2.02123e-04  6.32978e-05 
  1.84842e-01  1.95944e-04  6.45530e-05 
  1.86093e-01  2.84418e-04  6.57614e-05 
  1.87343e-01  3.24808e-04  6.67593e-05 
  1.88594e-01  4.53546e-04  6.74469e-05 
  1.89845e-01  2.61612e-04  6.77951e-05 
  1.91095e-01  5.20728e-04  6.78380e-05 
  1.92346e-01  4.96736e-04  6.76546e-05 
  1.93596e-01  3.03824e-04  6.73433e-05 
  1.94847e-01  4.50415e-04  6.69947e-05 
  1.96098e-01  3.40996e-04  6.66686e-05 
  1.97348e-01  4.58611e-04  6.63810e-05 
  1.98599e-01  3.90810e-04  6.61046e-05 
  1.99850e-01  3.63921e-04  6.57826e-05 
  2.01100e-01  3.14245e-04  6.53505e-05 
  2.02351e-01  3.58411e-04  6.47605e-05 
  2.03602e-01  3.52051e-04  6.40007e-05 
  2.04852e-01  3.05804e-04  6.31062e-05 
  2.06103e-01  2.07198e-04  6.21590e-05 
  2.07353e-01  1.95666e-04  6.12748e-05 
  2.08604e-01  1.89324e-04  6.05799e-05 
  2.09855e-01  2.37256e-04  6.01799e-05 
  2.11105e-01  8.72788e-05  6.01298e-05 
  2.12356e-01  1.66022e-04  6.04157e-05 
  2.13607e-01  2.24165e-04  6.09549e-05 
  2.14857e-01  3.82585e-04  6.16137e-05 
  2.16108e-01  3.33466e-04  6.22378e-05 
  2.17358e-01  4.42195e-04  6.26825e-05 
  2.18609e-01  4.04753e-04  6.28385e-05 
  2.19860e-01  2.70737e-04  6.26476e-05 
  2.21110e-01  1.96702e-04  6.21098e-05 
  2.22361e-01  3.62717e-04  6.12801e-05 
  2.23612e-01  2.69241e-04  6.02585e-05 
  2.24862e-01  3.44609e-04  5.91715e-05 
  2.26113e-01  8.95952e-05  5.81488e-05 
  2.27363e-01  1.24307e-04  5.72975e-05 
  2.28614e-01  1.46361e-04  5.66799e-05 
  2.29865e-01  5.28104e-05  5.63023e-05 
  2.31115e-01  3.77684e-05  5.61169e-05 
  2.32366e-01  8.64323e-05  5.60385e-05 
  2.33617e-01  1.32343e-04  5.59675e-05 
  2.34867e-01  5.32312e-05  5.58141e-05 
  2.36118e-01  1.18334e-04  5.55171e-05 
  2.37368e-01  1.40531e-04  5.50543e-05 
  2.38619e-01  6.32902e-05  5.44444e-05 
  2.39870e-01  2.57870e-05  5.37415e-05 
  2.41120e-01  4.83750e-06  5.30223e-05 
  2.42371e-01  -4.33931e-05 5.23702e-05 
  2.43622e-01  -1.45629e-04 5.18572e-05 
  2.44872e-01  -1.17122e-04 5.15290e-05 
  2.46123e-01  -1.02460e-04 5.13971e-05 
  2.47373e-01  -4.21826e-05 5.14395e-05 
  2.48624e-01  -1.92677e-05 5.16101e-05 
  2.49875e-01  -4.18799e-05 5.18524e-05 
  2.51125e-01  -4.56540e-05 5.21146e-05 
  2.52376e-01  1.38148e-05  5.23601e-05 
  2.53627e-01  -4.81960e-05 5.25730e-05 
  2.54877e-01  4.27569e-05  5.27580e-05 
  2.56128e-01  1.33482e-04  5.29347e-05 
  2.57378e-01  2.82484e-06  5.31291e-05 
  2.58629e-01  8.56269e-05  5.33644e-05 
  2.59880e-01  1.51327e-04  5.36525e-05 
  2.61130e-01  1.61341e-04  5.39903e-05 
  2.62381e-01  2.28922e-04  5.43592e-05 
  2.63632e-01  2.12766e-04  5.47297e-05 
  2.64882e-01  2.23142e-04  5.50682e-05 
  2.66133e-01  3.06667e-04  5.53443e-05 
  2.67383e-01  2.65864e-04  5.55371e-05 
  2.68634e-01  1.90547e-04  5.56390e-05 
  2.69885e-01  3.44475e-04  5.56560e-05 
  2.71135e-01  2.49057e-04  5.56050e-05 
  2.72386e-01  3.11777e-04  5.55089e-05 
  2.73637e-01  3.89342e-04  5.53904e-05 
  2.74887e-01  3.51658e-04  5.52660e-05 
  2.76138e-01  4.10751e-04  5.51424e-05 
  2.77388e-01  3.14679e-04  5.50150e-05 
  2.78639e-01  2.68096e-04  5.48692e-05 
  2.79890e-01  3.48833e-04  5.46856e-05 
  2.81140e-01  3.79326e-04  5.44448e-05 
  2.82391e-01  2.67114e-04  5.41334e-05 
  2.83642e-01  3.48254e-04  5.37481e-05 
  2.84892e-01  2.51292e-04  5.32980e-05 
  2.86143e-01  8.74355e-05  5.28039e-05 
  2.87393e-01  2.77588e-04  5.22951e-05 
  2.88644e-01  2.06974e-04  5.18047e-05 
  2.89895e-01  1.72484e-04  5.13634e-05 
  2.91145e-01  2.16126e-04  5.09941e-05 
  2.92396e-01  1.38470e-04  5.07076e-05 
  2.93647e-01  6.69906e-05  5.05023e-05 
  2.94897e-01  1.16571e-04  5.03648e-05 
  2.96148e-01  1.44178e-04  5.02750e-05 
  2.97398e-01  2.61871e-04  5.02106e-05 
  2.98649e-01  1.92901e-04  5.01526e-05 
  2.99900e-01  1.52772e-04  5.00890e-05 
  3.01150e-01  1.44367e-04  5.00162e-05 
  3.02401e-01  1.82952e-04  4.99393e-05 
  3.03652e-01  7.93140e-05  4.98687e-05 
  3.04902e-01  3.98487e-05  4.98170e-05 
  3.06153e-01  1.36929e-04  4.97947e-05 
  3.07404e-01  8.13227e-05  4.98068e-05 
  3.08654e-01  1.10511e-04  4.98504e-05 
  3.09905e-01  1.68009e-04  4.99145e-05 
  3.11155e-01  1.40948e-04  4.99815e-05 
  3.12406e-01  1.67694e-04  5.00302e-05 
  3.13657e-01  2.09769e-04  5.00382e-05 
  3.14907e-01  1.93843e-04  4.99860e-05 
  3.16158e-01  2.49879e-04  4.98588e-05 
  3.17409e-01  1.46868e-04  4.96479e-05 
  3.18659e-01  1.36207e-04  4.93511e-05 
  3.19910e-01  1.24208e-04  4.89722e-05 
  3.21160e-01  2.32158e-04  4.85201e-05 
  3.22411e-01  1.69478e-04  4.80074e-05 
  3.23662e-01  2.44876e-05  4.74496e-05 
  3.24912e-01  -1.12600e-05 4.68646e-05 
  3.26163e-01  2.03659e-05  4.62728e-05 
  3.27414e-01  -3.86096e-05 4.56962e-05 
  3.28664e-01  3.81084e-05  4.51592e-05 
  3.29915e-01  -6.48278e-05 4.46871e-05 
  3.31165e-01  -6.70119e-05 4.43051e-05 
  3.32416e-01  -1.17184e-04 4.40357e-05 
  3.33667e-01  -1.36593e-04 4.38961e-05 
  3.34917e-01  -1.72493e-04 4.38949e-05 
  3.36168e-01  -8.59653e-05 4.40306e-05 
  3.37419e-01  -3.34711e-05 4.42907e-05 
  3.38669e-01  2.18402e-05  4.46524e-05 
  3.39920e-01  2.24168e-05  4.50858e-05 
  3.41170e-01  1.09455e-04  4.55568e-05 
  3.42421e-01  1.03303e-04  4.60318e-05 
  3.43672e-01  9.60489e-05  4.64803e-05 
  3.44922e-01  9.88553e-05  4.68780e-05 
  3.46173e-01  6.16561e-05  4.72077e-05 
  3.47424e-01  1.69004e-04  4.74595e-05 
  3.48674e-01  2.56613e-04  4.76298e-05 
  3.49925e-01  1.64727e-04  4.77197e-05 
  3.51175e-01  1.96991e-04  4.77330e-05 
  3.52426e-01  2.91644e-04  4.76746e-05 
  3.53677e-01  2.54826e-04  4.75495e-05 
  3.54927e-01  1.70924e-04  4.73624e-05 
  3.56178e-01  1.86910e-04  4.71180e-05 
  3.57429e-01  2.23819e-04  4.68223e-05 
  3.58679e-01  1.26452e-04  4.64835e-05 
  3.59930e-01  1.74785e-04  4.61132e-05 
  3.61180e-01  1.34118e-04  4.57263e-05 
  3.62431e-01  3.87504e-05  4.53406e-05 
  3.63682e-01  1.54805e-04  4.49753e-05 
  3.64932e-01  1.27395e-04  4.46480e-05 
  3.66183e-01  3.35005e-05  4.43722e-05 
  3.67434e-01  9.74608e-05  4.41547e-05 
  3.68684e-01  3.15234e-06  4.39942e-05 
  3.69935e-01  -4.13478e-05 4.38813e-05 
  3.71185e-01  1.34088e-07  4.38002e-05 
  3.72436e-01  1.52194e-04  4.37319e-05 
  3.73687e-01  9.88685e-05  4.36577e-05 
  3.74937e-01  2.07328e-05  4.35633e-05 
  3.76188e-01  -1.60766e-05 4.34415e-05 
  3.77439e-01  3.13831e-05  4.32939e-05 
  3.78689e-01  7.55141e-05  4.31312e-05 
  3.79940e-01  6.84278e-05  4.29708e-05 
  3.81190e-01  -1.05262e-05 4.28338e-05 
  3.82441e-01  -5.52184e-06 4.27409e-05 
  3.83692e-01  2.85814e-05  4.27077e-05 
  3.84942e-01  2.86158e-05  4.27415e-05 
  3.86193e-01  -3.68055e-05 4.28392e-05 
  3.87444e-01  1.84465e-04  4.29876e-05 
  3.88694e-01  7.48824e-05  4.31656e-05 
  3.89945e-01  1.05851e-04  4.33481e-05 
  3.91195e-01  1.03789e-04  4.35104e-05 
  3.92446e-01  1.95461e-04  4.36319e-05 
  3.93697e-01  1.88492e-04  4.36996e-05 
  3.94947e-01  1.86543e-04  4.37094e-05 
  3.96198e-01  5.20360e-05  4.36659e-05 
  3.97449e-01  2.00346e-04  4.35814e-05 
  3.98699e-01  1.75033e-04  4.34722e-05 
  3.99950e-01  1.47413e-04  4.33560e-05 
  4.01201e-01  1.75429e-04  4.32477e-05 
  4.02451e-01  9.86969e-05  4.31569e-05 
  4.03702e-01  6.60117e-05  4.30860e-05 
  4.04952e-01  1.08003e-04  4.30302e-05 
  4.06203e-01  1.34376e-04  4.29790e-05 
  4.07454e-01  1.03336e-04  4.29185e-05 
  4.08704e-01  1.52937e-04  4.28350e-05 
  4.09955e-01  1.91831e-04  4.27175e-05 
  4.11206e-01  1.24555e-04  4.25609e-05 
  4.12456e-01  1.04628e-04  4.23664e-05 
  4.13707e-01  8.63074e-05  4.21428e-05 
  4.14957e-01  8.17140e-05  4.19044e-05 
  4.16208e-01  4.63350e-05  4.16698e-05 
  4.17459e-01  8.50683e-05  4.14586e-05 
  4.18709e-01  5.87752e-05  4.12886e-05 
  4.19960e-01  6.22307e-05  4.11731e-05 
  4.21211e-01  6.71114e-05  4.11190e-05 
  4.22461e-01  -1.28797e-06 4.11256e-05 
  4.23712e-01  1.32131e-05  4.11855e-05 
  4.24962e-01  7.24045e-05  4.12852e-05 
  4.26213e-01  1.40982e-04  4.14075e-05 
  4.27464e-01  8.22465e-05  4.15337e-05 
  4.28714e-01  1.22597e-04  4.16452e-05 
  4.29965e-01  1.34676e-04  4.17258e-05 
  4.31216e-01  1.95135e-04  4.17622e-05 
  4.32466e-01  2.05561e-04  4.17455e-05 
  4.33717e-01  6.03993e-05  4.16707e-05 
  4.34967e-01  9.73976e-05  4.15370e-05 
  4.36218e-01  9.45816e-05  4.13477e-05 
  4.37469e-01  1.01281e-04  4.11098e-05 
  4.38719e-01  1.07380e-04  4.08339e-05 
  4.39970e-01  1.36864e-04  4.05334e-05 
  4.41221e-01  5.73404e-05  4.02243e-05 
  4.42471e-01  -8.39803e-06 3.99242e-05 
  4.43722e-01  1.11337e-05  3.96512e-05 
  4.44972e-01  -3.28387e-05 3.94227e-05 
  4.46223e-01  -4.76443e-05 3.92536e-05 
  4.47474e-01  4.81245e-05  3.91547e-05 
  4.48724e-01  6.05197e-05  3.91317e-05 
  4.49975e-01  2.27978e-05  3.91836e-05 
  4.51226e-01  -3.29794e-05 3.93032e-05 
  4.52476e-01  -2.70369e-05 3.94773e-05 
  4.53727e-01  -5.62247e-05 3.96880e-05 
  4.54977e-01  1.25944e-04  3.99146e-05 
  4.56228e-01  1.49802e-04  4.01360e-05 
  4.57479e-01  1.22500e-04  4.03324e-05 
  4.58729e-01  1.83740e-04  4.04874e-05 
  4.59980e-01  1.38234e-04  4.05894e-05 
  4.61231e-01  8.47166e-05  4.06327e-05 
  4.62481e-01  1.64138e-04  4.06175e-05 
  4.63732e-01  1.72143e-04  4.05498e-05 
  4.64982e-01  1.18974e-04  4.04404e-05 
  4.66233e-01  1.35909e-04  4.03038e-05 
  4.67484e-01  1.69100e-04  4.01561e-05 
  4.68734e-01  1.47437e-04  4.00132e-05 
  4.69985e-01  1.90933e-04  3.98887e-05 
  4.71236e-01  1.57031e-04  3.97925e-05 
  4.72486e-01  1.91304e-04  3.97293e-05 
  4.73737e-01  1.46615e-04  3.96985e-05 
  4.74987e-01  7.50786e-05  3.96944e-05 
  4.76238e-01  1.56260e-04  3.97070e-05 
  4.77489e-01  1.47731e-04  3.97244e-05 
  4.78739e-01  1.30440e-04  3.97336e-05 
  4.79990e-01  9.42591e-05  3.97232e-05 
  4.81241e-01  1.52446e-04  3.96844e-05 
  4.82491e-01  1.61731e-04  3.96122e-05 
  4.83742e-01  1.37449e-04  3.95061e-05 
  4.84992e-01  1.52343e-04  3.93694e-05 
  4.86243e-01  7.99053e-05  3.92086e-05 
  4.87494e-01  5.15595e-05  3.90324e-05 
  4.88744e-01  2.07938e-04  3.88501e-05 
  4.89995e-01  8.82507e-05  3.86698e-05 
  4.91246e-01  1.21676e-04  3.84978e-05 
  4.92496e-01  6.16370e-05  3.83373e-05 
  4.93747e-01  7.05486e-05  3.81884e-05 
  4.94997e-01  6.36045e-05  3.80488e-05 
  4.96248e-01  7.13184e-05  3.79145e-05 
  4.97499e-01  -9.24189e-05 3.77811e-05 
  4.98749e-01  4.30429e-05  3.76453e-05 
  5.00000e-01  3.60747e-05  3.75059e-05 
