# r                 p(r)             
  2.09754e+00       4.62383e-06      
  6.29263e+00       3.10479e-05      
  1.04877e+01       8.37409e-05      
  1.46828e+01       1.57520e-04      
  1.88779e+01       2.62007e-04      
  2.30730e+01       3.82273e-04      
  2.72680e+01       5.27008e-04      
  3.14631e+01       6.92069e-04      
  3.56582e+01       8.69916e-04      
  3.98533e+01       1.06086e-03      
  4.40484e+01       1.28018e-03      
  4.82435e+01       1.49765e-03      
  5.24385e+01       1.73080e-03      
  5.66336e+01       1.98382e-03      
  6.08287e+01       2.22937e-03      
  6.50238e+01       2.50670e-03      
  6.92189e+01       2.79445e-03      
  7.34140e+01       3.07067e-03      
  7.76091e+01       3.35274e-03      
  8.18041e+01       3.65389e-03      
  8.59992e+01       3.93320e-03      
  9.01943e+01       4.25657e-03      
  9.43894e+01       4.57258e-03      
  9.85845e+01       4.85749e-03      
  1.02780e+02       5.17312e-03      
  1.06975e+02       5.45565e-03      
  1.11170e+02       5.77057e-03      
  1.15365e+02       6.05786e-03      
  1.19560e+02       6.33958e-03      
  1.23755e+02       6.64251e-03      
  1.27950e+02       6.91799e-03      
  1.32145e+02       7.15474e-03      
  1.36340e+02       7.43604e-03      
  1.40535e+02       7.66440e-03      
  1.44730e+02       7.92359e-03      
  1.48925e+02       8.16425e-03      
  1.53121e+02       8.32385e-03      
  1.57316e+02       8.55729e-03      
  1.61511e+02       8.76210e-03      
  1.65706e+02       8.94507e-03      
  1.69901e+02       9.10096e-03      
  1.74096e+02       9.23533e-03      
  1.78291e+02       9.35847e-03      
  1.82486e+02       9.49445e-03      
  1.86681e+02       9.55903e-03      
  1.90876e+02       9.65737e-03      
  1.95071e+02       9.73770e-03      
  1.99266e+02       9.79340e-03      
  2.03462e+02       9.85508e-03      
  2.07657e+02       9.89252e-03      
  2.11852e+02       9.86405e-03      
  2.16047e+02       9.87665e-03      
  2.20242e+02       9.84174e-03      
  2.24437e+02       9.78763e-03      
  2.28632e+02       9.70585e-03      
  2.32827e+02       9.61368e-03      
  2.37022e+02       9.52338e-03      
  2.41217e+02       9.37364e-03      
  2.45412e+02       9.22858e-03      
  2.49607e+02       9.06818e-03      
  2.53803e+02       8.89644e-03      
  2.57998e+02       8.69798e-03      
  2.62193e+02       8.51529e-03      
  2.66388e+02       8.27814e-03      
  2.70583e+02       8.04130e-03      
  2.74778e+02       7.80632e-03      
  2.78973e+02       7.53184e-03      
  2.83168e+02       7.26713e-03      
  2.87363e+02       6.98274e-03      
  2.91558e+02       6.71701e-03      
  2.95753e+02       6.42012e-03      
  2.99948e+02       6.10229e-03      
  3.04144e+02       5.80971e-03      
  3.08339e+02       5.47082e-03      
  3.12534e+02       5.15842e-03      
  3.16729e+02       4.82558e-03      
  3.20924e+02       4.50493e-03      
  3.25119e+02       4.16276e-03      
  3.29314e+02       3.82181e-03      
  3.33509e+02       3.47932e-03      
  3.37704e+02       3.14644e-03      
  3.41899e+02       2.81101e-03      
  3.46094e+02       2.49007e-03      
  3.50289e+02       2.16868e-03      
  3.54485e+02       1.87651e-03      
  3.58680e+02       1.58166e-03      
  3.62875e+02       1.29923e-03      
  3.67070e+02       1.05113e-03      
  3.71265e+02       8.21908e-04      
  3.75460e+02       6.10609e-04      
  3.79655e+02       4.32483e-04      
  3.83850e+02       2.75397e-04      
  3.88045e+02       1.54650e-04      
  3.92240e+02       6.47956e-05      
  3.96435e+02       1.53610e-05      
  4.00630e+02       3.10324e-07      
  4.04826e+02       0.00000e+00      
  4.09021e+02       0.00000e+00      
  4.13216e+02       0.00000e+00      
  4.17411e+02       0.00000e+00      
