# Theoretical SAS data
# q            I           
  1.00000e-03  9.97447e-01 
  2.25063e-03  9.87163e-01 
  3.50125e-03  9.69327e-01 
  4.75188e-03  9.44522e-01 
  6.00251e-03  9.13545e-01 
  7.25313e-03  8.77361e-01 
  8.50376e-03  8.37058e-01 
  9.75439e-03  7.93794e-01 
  1.10050e-02  7.48737e-01 
  1.22556e-02  7.03019e-01 
  1.35063e-02  6.57683e-01 
  1.47569e-02  6.13643e-01 
  1.60075e-02  5.71661e-01 
  1.72581e-02  5.32320e-01 
  1.85088e-02  4.96021e-01 
  1.97594e-02  4.62986e-01 
  2.10100e-02  4.33271e-01 
  2.22607e-02  4.06787e-01 
  2.35113e-02  3.83330e-01 
  2.47619e-02  3.62607e-01 
  2.60125e-02  3.44274e-01 
  2.72632e-02  3.27959e-01 
  2.85138e-02  3.13297e-01 
  2.97644e-02  2.99948e-01 
  3.10150e-02  2.87613e-01 
  3.22657e-02  2.76051e-01 
  3.35163e-02  2.65074e-01 
  3.47669e-02  2.54555e-01 
  3.60175e-02  2.44417e-01 
  3.72682e-02  2.34626e-01 
  3.85188e-02  2.25181e-01 
  3.97694e-02  2.16101e-01 
  4.10201e-02  2.07416e-01 
  4.22707e-02  1.99153e-01 
  4.35213e-02  1.91334e-01 
  4.47719e-02  1.83968e-01 
  4.60226e-02  1.77049e-01 
  4.72732e-02  1.70556e-01 
  4.85238e-02  1.64456e-01 
  4.97744e-02  1.58704e-01 
  5.10251e-02  1.53253e-01 
  5.22757e-02  1.48053e-01 
  5.35263e-02  1.43060e-01 
  5.47769e-02  1.38233e-01 
  5.60276e-02  1.33544e-01 
  5.72782e-02  1.28971e-01 
  5.85288e-02  1.24504e-01 
  5.97794e-02  1.20142e-01 
  6.10301e-02  1.15889e-01 
  6.22807e-02  1.11754e-01 
  6.35313e-02  1.07747e-01 
  6.47820e-02  1.03878e-01 
  6.60326e-02  1.00154e-01 
  6.72832e-02  9.65779e-02 
  6.85338e-02  9.31492e-02 
  6.97845e-02  8.98622e-02 
  7.10351e-02  8.67080e-02 
  7.22857e-02  8.36750e-02 
  7.35363e-02  8.07503e-02 
  7.47870e-02  7.79214e-02 
  7.60376e-02  7.51765e-02 
  7.72882e-02  7.25066e-02 
  7.85388e-02  6.99050e-02 
  7.97895e-02  6.73680e-02 
  8.10401e-02  6.48949e-02 
  8.22907e-02  6.24866e-02 
  8.35414e-02  6.01458e-02 
  8.47920e-02  5.78755e-02 
  8.60426e-02  5.56786e-02 
  8.72932e-02  5.35570e-02 
  8.85439e-02  5.15112e-02 
  8.97945e-02  4.95400e-02 
  9.10451e-02  4.76407e-02 
  9.22957e-02  4.58092e-02 
  9.35464e-02  4.40405e-02 
  9.47970e-02  4.23294e-02 
  9.60476e-02  4.06706e-02 
  9.72982e-02  3.90598e-02 
  9.85489e-02  3.74935e-02 
  9.97995e-02  3.59695e-02 
  1.01050e-01  3.44870e-02 
  1.02301e-01  3.30462e-02 
  1.03551e-01  3.16481e-02 
  1.04802e-01  3.02942e-02 
  1.06053e-01  2.89862e-02 
  1.07303e-01  2.77252e-02 
  1.08554e-01  2.65118e-02 
  1.09805e-01  2.53457e-02 
  1.11055e-01  2.42258e-02 
  1.12306e-01  2.31499e-02 
  1.13556e-01  2.21152e-02 
  1.14807e-01  2.11188e-02 
  1.16058e-01  2.01572e-02 
  1.17308e-01  1.92275e-02 
  1.18559e-01  1.83272e-02 
  1.19810e-01  1.74545e-02 
  1.21060e-01  1.66083e-02 
  1.22311e-01  1.57884e-02 
  1.23561e-01  1.49953e-02 
  1.24812e-01  1.42299e-02 
  1.26063e-01  1.34933e-02 
  1.27313e-01  1.27867e-02 
  1.28564e-01  1.21109e-02 
  1.29815e-01  1.14664e-02 
  1.31065e-01  1.08529e-02 
  1.32316e-01  1.02697e-02 
  1.33566e-01  9.71525e-03 
  1.34817e-01  9.18763e-03 
  1.36068e-01  8.68459e-03 
  1.37318e-01  8.20375e-03 
  1.38569e-01  7.74285e-03 
  1.39820e-01  7.29988e-03 
  1.41070e-01  6.87326e-03 
  1.42321e-01  6.46193e-03 
  1.43571e-01  6.06531e-03 
  1.44822e-01  5.68332e-03 
  1.46073e-01  5.31623e-03 
  1.47323e-01  4.96454e-03 
  1.48574e-01  4.62884e-03 
  1.49825e-01  4.30964e-03 
  1.51075e-01  4.00727e-03 
  1.52326e-01  3.72177e-03 
  1.53576e-01  3.45286e-03 
  1.54827e-01  3.19997e-03 
  1.56078e-01  2.96227e-03 
  1.57328e-01  2.73878e-03 
  1.58579e-01  2.52843e-03 
  1.59830e-01  2.33022e-03 
  1.61080e-01  2.14327e-03 
  1.62331e-01  1.96694e-03 
  1.63581e-01  1.80080e-03 
  1.64832e-01  1.64466e-03 
  1.66083e-01  1.49853e-03 
  1.67333e-01  1.36255e-03 
  1.68584e-01  1.23692e-03 
  1.69835e-01  1.12176e-03 
  1.71085e-01  1.01711e-03 
  1.72336e-01  9.22789e-04 
  1.73586e-01  8.38415e-04 
  1.74837e-01  7.63376e-04 
  1.76088e-01  6.96867e-04 
  1.77338e-01  6.37942e-04 
  1.78589e-01  5.85588e-04 
  1.79840e-01  5.38803e-04 
  1.81090e-01  4.96678e-04 
  1.82341e-01  4.58460e-04 
  1.83591e-01  4.23596e-04 
  1.84842e-01  3.91755e-04 
  1.86093e-01  3.62816e-04 
  1.87343e-01  3.36838e-04 
  1.88594e-01  3.14007e-04 
  1.89845e-01  2.94572e-04 
  1.91095e-01  2.78779e-04 
  1.92346e-01  2.66810e-04 
  1.93596e-01  2.58740e-04 
  1.94847e-01  2.54502e-04 
  1.96098e-01  2.53885e-04 
  1.97348e-01  2.56548e-04 
  1.98599e-01  2.62051e-04 
  1.99850e-01  2.69894e-04 
  2.01100e-01  2.79575e-04 
  2.02351e-01  2.90628e-04 
  2.03602e-01  3.02667e-04 
  2.04852e-01  3.15408e-04 
  2.06103e-01  3.28682e-04 
  2.07353e-01  3.42427e-04 
  2.08604e-01  3.56665e-04 
  2.09855e-01  3.71476e-04 
  2.11105e-01  3.86955e-04 
  2.12356e-01  4.03180e-04 
  2.13607e-01  4.20182e-04 
  2.14857e-01  4.37923e-04 
  2.16108e-01  4.56290e-04 
  2.17358e-01  4.75099e-04 
  2.18609e-01  4.94115e-04 
  2.19860e-01  5.13077e-04 
  2.21110e-01  5.31727e-04 
  2.22361e-01  5.49847e-04 
  2.23612e-01  5.67277e-04 
  2.24862e-01  5.83935e-04 
  2.26113e-01  5.99824e-04 
  2.27363e-01  6.15021e-04 
  2.28614e-01  6.29659e-04 
  2.29865e-01  6.43904e-04 
  2.31115e-01  6.57921e-04 
  2.32366e-01  6.71841e-04 
  2.33617e-01  6.85736e-04 
  2.34867e-01  6.99600e-04 
  2.36118e-01  7.13341e-04 
  2.37368e-01  7.26785e-04 
  2.38619e-01  7.39690e-04 
  2.39870e-01  7.51778e-04 
  2.41120e-01  7.62759e-04 
  2.42371e-01  7.72368e-04 
  2.43622e-01  7.80397e-04 
  2.44872e-01  7.86719e-04 
  2.46123e-01  7.91299e-04 
  2.47373e-01  7.94202e-04 
  2.48624e-01  7.95580e-04 
  2.49875e-01  7.95657e-04 
  2.51125e-01  7.94696e-04 
  2.52376e-01  7.92968e-04 
  2.53627e-01  7.90726e-04 
  2.54877e-01  7.88167e-04 
  2.56128e-01  7.85419e-04 
  2.57378e-01  7.82529e-04 
  2.58629e-01  7.79460e-04 
  2.59880e-01  7.76102e-04 
  2.61130e-01  7.72297e-04 
  2.62381e-01  7.67857e-04 
  2.63632e-01  7.62600e-04 
  2.64882e-01  7.56371e-04 
  2.66133e-01  7.49067e-04 
  2.67383e-01  7.40653e-04 
  2.68634e-01  7.31167e-04 
  2.69885e-01  7.20714e-04 
  2.71135e-01  7.09459e-04 
  2.72386e-01  6.97599e-04 
  2.73637e-01  6.85348e-04 
  2.74887e-01  6.72908e-04 
  2.76138e-01  6.60446e-04 
  2.77388e-01  6.48079e-04 
  2.78639e-01  6.35865e-04 
  2.79890e-01  6.23798e-04 
  2.81140e-01  6.11816e-04 
  2.82391e-01  5.99817e-04 
  2.83642e-01  5.87673e-04 
  2.84892e-01  5.75251e-04 
  2.86143e-01  5.62438e-04 
  2.87393e-01  5.49153e-04 
  2.88644e-01  5.35360e-04 
  2.89895e-01  5.21077e-04 
  2.91145e-01  5.06370e-04 
  2.92396e-01  4.91348e-04 
  2.93647e-01  4.76152e-04 
  2.94897e-01  4.60935e-04 
  2.96148e-01  4.45845e-04 
  2.97398e-01  4.31014e-04 
  2.98649e-01  4.16543e-04 
  2.99900e-01  4.02492e-04 
  3.01150e-01  3.88884e-04 
  3.02401e-01  3.75702e-04 
  3.03652e-01  3.62901e-04 
  3.04902e-01  3.50420e-04 
  3.06153e-01  3.38190e-04 
  3.07404e-01  3.26152e-04 
  3.08654e-01  3.14266e-04 
  3.09905e-01  3.02515e-04 
  3.11155e-01  2.90912e-04 
  3.12406e-01  2.79495e-04 
  3.13657e-01  2.68323e-04 
  3.14907e-01  2.57470e-04 
  3.16158e-01  2.47009e-04 
  3.17409e-01  2.37006e-04 
  3.18659e-01  2.27511e-04 
  3.19910e-01  2.18550e-04 
  3.21160e-01  2.10124e-04 
  3.22411e-01  2.02207e-04 
  3.23662e-01  1.94756e-04 
  3.24912e-01  1.87711e-04 
  3.26163e-01  1.81009e-04 
  3.27414e-01  1.74591e-04 
  3.28664e-01  1.68410e-04 
  3.29915e-01  1.62439e-04 
  3.31165e-01  1.56672e-04 
  3.32416e-01  1.51126e-04 
  3.33667e-01  1.45837e-04 
  3.34917e-01  1.40854e-04 
  3.36168e-01  1.36233e-04 
  3.37419e-01  1.32029e-04 
  3.38669e-01  1.28286e-04 
  3.39920e-01  1.25037e-04 
  3.41170e-01  1.22291e-04 
  3.42421e-01  1.20042e-04 
  3.43672e-01  1.18262e-04 
  3.44922e-01  1.16911e-04 
  3.46173e-01  1.15938e-04 
  3.47424e-01  1.15291e-04 
  3.48674e-01  1.14921e-04 
  3.49925e-01  1.14786e-04 
  3.51175e-01  1.14859e-04 
  3.52426e-01  1.15123e-04 
  3.53677e-01  1.15575e-04 
  3.54927e-01  1.16223e-04 
  3.56178e-01  1.17079e-04 
  3.57429e-01  1.18154e-04 
  3.58679e-01  1.19459e-04 
  3.59930e-01  1.20993e-04 
  3.61180e-01  1.22748e-04 
  3.62431e-01  1.24704e-04 
  3.63682e-01  1.26830e-04 
  3.64932e-01  1.29090e-04 
  3.66183e-01  1.31446e-04 
  3.67434e-01  1.33859e-04 
  3.68684e-01  1.36299e-04 
  3.69935e-01  1.38742e-04 
  3.71185e-01  1.41179e-04 
  3.72436e-01  1.43611e-04 
  3.73687e-01  1.46046e-04 
  3.74937e-01  1.48503e-04 
  3.76188e-01  1.51000e-04 
  3.77439e-01  1.53555e-04 
  3.78689e-01  1.56179e-04 
  3.79940e-01  1.58871e-04 
  3.81190e-01  1.61621e-04 
  3.82441e-01  1.64405e-04 
  3.83692e-01  1.67191e-04 
  3.84942e-01  1.69938e-04 
  3.86193e-01  1.72604e-04 
  3.87444e-01  1.75151e-04 
  3.88694e-01  1.77547e-04 
  3.89945e-01  1.79773e-04 
  3.91195e-01  1.81823e-04 
  3.92446e-01  1.83708e-04 
  3.93697e-01  1.85449e-04 
  3.94947e-01  1.87079e-04 
  3.96198e-01  1.88634e-04 
  3.97449e-01  1.90152e-04 
  3.98699e-01  1.91663e-04 
  3.99950e-01  1.93186e-04 
  4.01201e-01  1.94727e-04 
  4.02451e-01  1.96276e-04 
  4.03702e-01  1.97806e-04 
  4.04952e-01  1.99282e-04 
  4.06203e-01  2.00656e-04 
  4.07454e-01  2.01881e-04 
  4.08704e-01  2.02913e-04 
  4.09955e-01  2.03715e-04 
  4.11206e-01  2.04264e-04 
  4.12456e-01  2.04553e-04 
  4.13707e-01  2.04590e-04 
  4.14957e-01  2.04398e-04 
  4.16208e-01  2.04009e-04 
  4.17459e-01  2.03462e-04 
  4.18709e-01  2.02797e-04 
  4.19960e-01  2.02046e-04 
  4.21211e-01  2.01234e-04 
  4.22461e-01  2.00370e-04 
  4.23712e-01  1.99452e-04 
  4.24962e-01  1.98461e-04 
  4.26213e-01  1.97372e-04 
  4.27464e-01  1.96151e-04 
  4.28714e-01  1.94765e-04 
  4.29965e-01  1.93189e-04 
  4.31216e-01  1.91405e-04 
  4.32466e-01  1.89415e-04 
  4.33717e-01  1.87234e-04 
  4.34967e-01  1.84899e-04 
  4.36218e-01  1.82456e-04 
  4.37469e-01  1.79968e-04 
  4.38719e-01  1.77496e-04 
  4.39970e-01  1.75105e-04 
  4.41221e-01  1.72847e-04 
  4.42471e-01  1.70761e-04 
  4.43722e-01  1.68867e-04 
  4.44972e-01  1.67163e-04 
  4.46223e-01  1.65626e-04 
  4.47474e-01  1.64215e-04 
  4.48724e-01  1.62873e-04 
  4.49975e-01  1.61534e-04 
  4.51226e-01  1.60130e-04 
  4.52476e-01  1.58598e-04 
  4.53727e-01  1.56884e-04 
  4.54977e-01  1.54949e-04 
  4.56228e-01  1.52772e-04 
  4.57479e-01  1.50351e-04 
  4.58729e-01  1.47703e-04 
  4.59980e-01  1.44856e-04 
  4.61231e-01  1.41853e-04 
  4.62481e-01  1.38742e-04 
  4.63732e-01  1.35573e-04 
  4.64982e-01  1.32394e-04 
  4.66233e-01  1.29246e-04 
  4.67484e-01  1.26163e-04 
  4.68734e-01  1.23171e-04 
  4.69985e-01  1.20287e-04 
  4.71236e-01  1.17520e-04 
  4.72486e-01  1.14877e-04 
  4.73737e-01  1.12359e-04 
  4.74987e-01  1.09967e-04 
  4.76238e-01  1.07704e-04 
  4.77489e-01  1.05573e-04 
  4.78739e-01  1.03578e-04 
  4.79990e-01  1.01725e-04 
  4.81241e-01  1.00017e-04 
  4.82491e-01  9.84553e-05 
  4.83742e-01  9.70383e-05 
  4.84992e-01  9.57583e-05 
  4.86243e-01  9.46029e-05 
  4.87494e-01  9.35545e-05 
  4.88744e-01  9.25917e-05 
  4.89995e-01  9.16913e-05 
  4.91246e-01  9.08302e-05 
  4.92496e-01  8.99884e-05 
  4.93747e-01  8.91503e-05 
  4.94997e-01  8.83070e-05 
  4.96248e-01  8.74570e-05 
  4.97499e-01  8.66057e-05 
  4.98749e-01  8.57650e-05 
  5.00000e-01  8.49508e-05 
