# Simulated SAS data with noise
# sigma generated using Sedlak et al, k=100000, c=0.55, https://doi.org/10.1107/S1600576717003077, and rebinned with 10 per bin)
# q            I            sigma       
  1.00000e-03  3.83532e-01  1.29554e-02 
  2.25063e-03  3.82432e-01  8.59127e-03 
  3.50125e-03  3.71535e-01  6.82583e-03 
  4.75188e-03  3.61018e-01  5.78404e-03 
  6.00251e-03  3.44123e-01  5.06164e-03 
  7.25313e-03  3.35936e-01  4.51296e-03 
  8.50376e-03  3.10849e-01  4.07155e-03 
  9.75439e-03  2.97130e-01  3.70257e-03 
  1.10050e-02  2.83474e-01  3.38603e-03 
  1.22556e-02  2.66443e-01  3.10971e-03 
  1.35063e-02  2.52978e-01  2.86575e-03 
  1.47569e-02  2.30653e-01  2.64888e-03 
  1.60075e-02  2.11181e-01  2.45540e-03 
  1.72581e-02  1.99875e-01  2.28259e-03 
  1.85088e-02  1.86270e-01  2.12828e-03 
  1.97594e-02  1.75410e-01  1.99068e-03 
  2.10100e-02  1.61072e-01  1.86815e-03 
  2.22607e-02  1.50385e-01  1.75915e-03 
  2.35113e-02  1.43404e-01  1.66218e-03 
  2.47619e-02  1.37673e-01  1.57579e-03 
  2.60125e-02  1.30064e-01  1.49855e-03 
  2.72632e-02  1.22380e-01  1.42912e-03 
  2.85138e-02  1.17479e-01  1.36625e-03 
  2.97644e-02  1.11718e-01  1.30885e-03 
  3.10150e-02  1.09150e-01  1.25594e-03 
  3.22657e-02  1.03459e-01  1.20673e-03 
  3.35163e-02  1.00689e-01  1.16060e-03 
  3.47669e-02  9.52918e-02  1.11708e-03 
  3.60175e-02  9.27938e-02  1.07581e-03 
  3.72682e-02  8.92378e-02  1.03659e-03 
  3.85188e-02  8.46554e-02  9.99277e-04 
  3.97694e-02  8.25907e-02  9.63797e-04 
  4.10201e-02  7.87487e-02  9.30113e-04 
  4.22707e-02  7.59384e-02  8.98201e-04 
  4.35213e-02  7.15695e-02  8.68035e-04 
  4.47719e-02  7.04973e-02  8.39569e-04 
  4.60226e-02  6.62494e-02  8.12733e-04 
  4.72732e-02  6.52038e-02  7.87433e-04 
  4.85238e-02  6.27107e-02  7.63549e-04 
  4.97744e-02  6.00448e-02  7.40945e-04 
  5.10251e-02  5.87183e-02  7.19477e-04 
  5.22757e-02  5.61355e-02  6.98999e-04 
  5.35263e-02  5.33652e-02  6.79378e-04 
  5.47769e-02  5.17232e-02  6.60496e-04 
  5.60276e-02  4.96328e-02  6.42257e-04 
  5.72782e-02  4.73643e-02  6.24590e-04 
  5.85288e-02  4.69310e-02  6.07447e-04 
  5.97794e-02  4.45818e-02  5.90803e-04 
  6.10301e-02  4.40386e-02  5.74648e-04 
  6.22807e-02  4.11703e-02  5.58987e-04 
  6.35313e-02  4.10378e-02  5.43828e-04 
  6.47820e-02  3.95903e-02  5.29182e-04 
  6.60326e-02  3.69684e-02  5.15055e-04 
  6.72832e-02  3.66359e-02  5.01445e-04 
  6.85338e-02  3.54857e-02  4.88341e-04 
  6.97845e-02  3.35213e-02  4.75722e-04 
  7.10351e-02  3.25071e-02  4.63560e-04 
  7.22857e-02  3.18471e-02  4.51820e-04 
  7.35363e-02  3.04101e-02  4.40462e-04 
  7.47870e-02  2.98043e-02  4.29447e-04 
  7.60376e-02  2.79778e-02  4.18741e-04 
  7.72882e-02  2.75054e-02  4.08313e-04 
  7.85388e-02  2.64558e-02  3.98140e-04 
  7.97895e-02  2.52711e-02  3.88206e-04 
  8.10401e-02  2.46668e-02  3.78504e-04 
  8.22907e-02  2.37482e-02  3.69033e-04 
  8.35414e-02  2.25505e-02  3.59795e-04 
  8.47920e-02  2.21586e-02  3.50796e-04 
  8.60426e-02  2.09794e-02  3.42040e-04 
  8.72932e-02  2.01118e-02  3.33532e-04 
  8.85439e-02  1.94749e-02  3.25271e-04 
  8.97945e-02  1.84796e-02  3.17254e-04 
  9.10451e-02  1.75190e-02  3.09472e-04 
  9.22957e-02  1.72812e-02  3.01911e-04 
  9.35464e-02  1.59747e-02  2.94558e-04 
  9.47970e-02  1.60884e-02  2.87395e-04 
  9.60476e-02  1.55111e-02  2.80405e-04 
  9.72982e-02  1.45533e-02  2.73574e-04 
  9.85489e-02  1.40251e-02  2.66890e-04 
  9.97995e-02  1.37045e-02  2.60345e-04 
  1.01050e-01  1.28644e-02  2.53935e-04 
  1.02301e-01  1.25233e-02  2.47659e-04 
  1.03551e-01  1.17683e-02  2.41521e-04 
  1.04802e-01  1.15468e-02  2.35525e-04 
  1.06053e-01  1.12944e-02  2.29677e-04 
  1.07303e-01  1.05436e-02  2.23982e-04 
  1.08554e-01  1.03435e-02  2.18443e-04 
  1.09805e-01  9.68041e-03  2.13061e-04 
  1.11055e-01  8.60273e-03  2.07832e-04 
  1.12306e-01  8.49424e-03  2.02751e-04 
  1.13556e-01  8.23168e-03  1.97811e-04 
  1.14807e-01  7.86488e-03  1.92999e-04 
  1.16058e-01  7.48992e-03  1.88306e-04 
  1.17308e-01  7.61025e-03  1.83721e-04 
  1.18559e-01  7.03797e-03  1.79235e-04 
  1.19810e-01  6.60978e-03  1.74842e-04 
  1.21060e-01  6.32114e-03  1.70537e-04 
  1.22311e-01  6.00124e-03  1.66320e-04 
  1.23561e-01  5.57022e-03  1.62195e-04 
  1.24812e-01  5.30701e-03  1.58165e-04 
  1.26063e-01  5.00271e-03  1.54237e-04 
  1.27313e-01  4.67565e-03  1.50418e-04 
  1.28564e-01  4.43945e-03  1.46713e-04 
  1.29815e-01  4.54387e-03  1.43128e-04 
  1.31065e-01  4.20614e-03  1.39664e-04 
  1.32316e-01  3.95847e-03  1.36320e-04 
  1.33566e-01  3.88493e-03  1.33093e-04 
  1.34817e-01  3.17939e-03  1.29976e-04 
  1.36068e-01  3.22440e-03  1.26961e-04 
  1.37318e-01  2.75492e-03  1.24039e-04 
  1.38569e-01  2.84071e-03  1.21201e-04 
  1.39820e-01  2.58071e-03  1.18438e-04 
  1.41070e-01  2.55596e-03  1.15743e-04 
  1.42321e-01  2.49372e-03  1.13113e-04 
  1.43571e-01  2.23607e-03  1.10546e-04 
  1.44822e-01  2.25336e-03  1.08041e-04 
  1.46073e-01  1.98442e-03  1.05603e-04 
  1.47323e-01  1.90439e-03  1.03235e-04 
  1.48574e-01  1.68043e-03  1.00941e-04 
  1.49825e-01  1.70369e-03  9.87277e-05 
  1.51075e-01  1.47371e-03  9.65980e-05 
  1.52326e-01  1.25989e-03  9.45545e-05 
  1.53576e-01  1.28448e-03  9.25981e-05 
  1.54827e-01  1.07193e-03  9.07276e-05 
  1.56078e-01  1.23717e-03  8.89405e-05 
  1.57328e-01  9.79856e-04  8.72327e-05 
  1.58579e-01  8.12883e-04  8.55997e-05 
  1.59830e-01  9.21293e-04  8.40369e-05 
  1.61080e-01  7.19968e-04  8.25406e-05 
  1.62331e-01  7.34511e-04  8.11078e-05 
  1.63581e-01  7.43570e-04  7.97372e-05 
  1.64832e-01  5.81338e-04  7.84289e-05 
  1.66083e-01  3.92173e-04  7.71840e-05 
  1.67333e-01  5.45211e-04  7.60047e-05 
  1.68584e-01  5.05258e-04  7.48933e-05 
  1.69835e-01  3.88258e-04  7.38519e-05 
  1.71085e-01  3.69777e-04  7.28818e-05 
  1.72336e-01  2.35398e-04  7.19828e-05 
  1.73586e-01  2.89287e-04  7.11531e-05 
  1.74837e-01  2.42120e-04  7.03892e-05 
  1.76088e-01  4.23227e-04  6.96863e-05 
  1.77338e-01  2.12247e-04  6.90381e-05 
  1.78589e-01  3.46138e-04  6.84381e-05 
  1.79840e-01  2.40580e-04  6.78795e-05 
  1.81090e-01  1.44603e-04  6.73560e-05 
  1.82341e-01  1.75785e-04  6.68625e-05 
  1.83591e-01  1.05013e-04  6.63953e-05 
  1.84842e-01  1.09810e-04  6.59518e-05 
  1.86093e-01  1.16611e-04  6.55314e-05 
  1.87343e-01  9.17162e-05  6.51342e-05 
  1.88594e-01  7.89834e-05  6.47615e-05 
  1.89845e-01  1.14947e-04  6.44148e-05 
  1.91095e-01  1.54821e-04  6.40958e-05 
  1.92346e-01  5.83367e-05  6.38054e-05 
  1.93596e-01  -1.02383e-04 6.35441e-05 
  1.94847e-01  1.00864e-04  6.33110e-05 
  1.96098e-01  2.87733e-04  6.31047e-05 
  1.97348e-01  4.79779e-05  6.29224e-05 
  1.98599e-01  -3.78540e-05 6.27609e-05 
  1.99850e-01  7.09476e-05  6.26168e-05 
  2.01100e-01  1.18564e-04  6.24863e-05 
  2.02351e-01  8.78286e-05  6.23663e-05 
  2.03602e-01  -5.11204e-06 6.22541e-05 
  2.04852e-01  -6.06130e-06 6.21477e-05 
  2.06103e-01  1.47661e-04  6.20458e-05 
  2.07353e-01  1.77112e-04  6.19481e-05 
  2.08604e-01  7.37216e-05  6.18547e-05 
  2.09855e-01  2.34009e-04  6.17659e-05 
  2.11105e-01  2.27223e-04  6.16823e-05 
  2.12356e-01  2.08519e-04  6.16044e-05 
  2.13607e-01  2.33074e-04  6.15322e-05 
  2.14857e-01  2.40767e-04  6.14655e-05 
  2.16108e-01  1.19262e-04  6.14034e-05 
  2.17358e-01  7.85223e-05  6.13448e-05 
  2.18609e-01  1.54743e-04  6.12881e-05 
  2.19860e-01  3.02040e-04  6.12316e-05 
  2.21110e-01  1.53666e-04  6.11738e-05 
  2.22361e-01  1.72924e-04  6.11134e-05 
  2.23612e-01  2.92690e-04  6.10493e-05 
  2.24862e-01  2.64236e-04  6.09811e-05 
  2.26113e-01  6.31371e-05  6.09089e-05 
  2.27363e-01  2.95529e-04  6.08333e-05 
  2.28614e-01  2.16883e-04  6.07550e-05 
  2.29865e-01  1.68219e-04  6.06751e-05 
  2.31115e-01  2.54303e-04  6.05946e-05 
  2.32366e-01  2.89182e-04  6.05143e-05 
  2.33617e-01  7.92316e-05  6.04346e-05 
  2.34867e-01  3.09589e-04  6.03555e-05 
  2.36118e-01  2.21364e-04  6.02764e-05 
  2.37368e-01  3.40039e-04  6.01962e-05 
  2.38619e-01  2.73811e-04  6.01137e-05 
  2.39870e-01  2.50760e-04  6.00271e-05 
  2.41120e-01  3.41706e-04  5.99350e-05 
  2.42371e-01  3.82085e-04  5.98357e-05 
  2.43622e-01  2.65964e-04  5.97281e-05 
  2.44872e-01  2.69879e-04  5.96117e-05 
  2.46123e-01  3.68595e-04  5.94862e-05 
  2.47373e-01  2.98111e-04  5.93522e-05 
  2.48624e-01  4.23329e-04  5.92106e-05 
  2.49875e-01  2.63010e-04  5.90627e-05 
  2.51125e-01  2.64503e-04  5.89100e-05 
  2.52376e-01  3.90783e-04  5.87541e-05 
  2.53627e-01  3.23876e-04  5.85964e-05 
  2.54877e-01  3.08014e-04  5.84381e-05 
  2.56128e-01  2.53491e-04  5.82798e-05 
  2.57378e-01  3.02568e-04  5.81219e-05 
  2.58629e-01  2.74978e-04  5.79641e-05 
  2.59880e-01  3.46326e-04  5.78057e-05 
  2.61130e-01  1.90874e-04  5.76459e-05 
  2.62381e-01  2.36596e-04  5.74837e-05 
  2.63632e-01  2.75006e-04  5.73181e-05 
  2.64882e-01  2.62382e-04  5.71482e-05 
  2.66133e-01  3.52035e-04  5.69734e-05 
  2.67383e-01  2.91037e-04  5.67936e-05 
  2.68634e-01  2.36236e-04  5.66090e-05 
  2.69885e-01  2.55001e-04  5.64202e-05 
  2.71135e-01  3.38574e-04  5.62281e-05 
  2.72386e-01  2.90008e-04  5.60339e-05 
  2.73637e-01  2.60527e-04  5.58385e-05 
  2.74887e-01  2.06096e-04  5.56433e-05 
  2.76138e-01  2.92100e-04  5.54490e-05 
  2.77388e-01  1.79145e-04  5.52563e-05 
  2.78639e-01  2.17768e-04  5.50655e-05 
  2.79890e-01  2.33945e-04  5.48766e-05 
  2.81140e-01  2.23055e-04  5.46892e-05 
  2.82391e-01  1.64399e-04  5.45027e-05 
  2.83642e-01  1.97698e-04  5.43164e-05 
  2.84892e-01  1.81214e-04  5.41296e-05 
  2.86143e-01  2.42230e-04  5.39417e-05 
  2.87393e-01  1.89838e-04  5.37522e-05 
  2.88644e-01  2.16102e-04  5.35610e-05 
  2.89895e-01  2.00303e-04  5.33680e-05 
  2.91145e-01  1.99176e-04  5.31738e-05 
  2.92396e-01  1.27288e-04  5.29788e-05 
  2.93647e-01  1.33959e-04  5.27838e-05 
  2.94897e-01  2.72171e-04  5.25896e-05 
  2.96148e-01  1.89329e-04  5.23970e-05 
  2.97398e-01  1.19810e-04  5.22068e-05 
  2.98649e-01  1.20850e-04  5.20194e-05 
  2.99900e-01  1.19151e-04  5.18352e-05 
  3.01150e-01  2.26147e-04  5.16542e-05 
  3.02401e-01  1.75476e-04  5.14764e-05 
  3.03652e-01  1.49109e-04  5.13015e-05 
  3.04902e-01  2.08186e-04  5.11292e-05 
  3.06153e-01  1.14057e-04  5.09590e-05 
  3.07404e-01  1.12927e-04  5.07907e-05 
  3.08654e-01  1.74207e-04  5.06240e-05 
  3.09905e-01  1.31950e-05  5.04588e-05 
  3.11155e-01  1.82415e-04  5.02953e-05 
  3.12406e-01  4.20555e-05  5.01335e-05 
  3.13657e-01  3.29416e-05  4.99738e-05 
  3.14907e-01  1.12791e-04  4.98165e-05 
  3.16158e-01  1.48436e-04  4.96621e-05 
  3.17409e-01  1.01487e-04  4.95109e-05 
  3.18659e-01  7.23008e-06  4.93631e-05 
  3.19910e-01  9.11982e-05  4.92189e-05 
  3.21160e-01  7.20645e-05  4.90782e-05 
  3.22411e-01  8.59843e-05  4.89409e-05 
  3.23662e-01  8.97895e-06  4.88068e-05 
  3.24912e-01  2.22573e-04  4.86754e-05 
  3.26163e-01  8.66634e-05  4.85466e-05 
  3.27414e-01  8.60314e-05  4.84199e-05 
  3.28664e-01  4.62733e-05  4.82951e-05 
  3.29915e-01  6.49923e-05  4.81720e-05 
  3.31165e-01  5.81888e-05  4.80506e-05 
  3.32416e-01  1.27466e-06  4.79310e-05 
  3.33667e-01  2.27635e-05  4.78133e-05 
  3.34917e-01  2.57906e-05  4.76978e-05 
  3.36168e-01  1.91453e-05  4.75848e-05 
  3.37419e-01  1.07920e-04  4.74746e-05 
  3.38669e-01  6.33519e-05  4.73673e-05 
  3.39920e-01  1.03034e-04  4.72631e-05 
  3.41170e-01  -1.39403e-05 4.71621e-05 
  3.42421e-01  6.52615e-05  4.70642e-05 
  3.43672e-01  2.47640e-05  4.69693e-05 
  3.44922e-01  1.24557e-05  4.68771e-05 
  3.46173e-01  2.35033e-05  4.67873e-05 
  3.47424e-01  6.49036e-05  4.66997e-05 
  3.48674e-01  3.42720e-05  4.66139e-05 
  3.49925e-01  1.03475e-05  4.65299e-05 
  3.51175e-01  1.13716e-04  4.64473e-05 
  3.52426e-01  3.91470e-05  4.63662e-05 
  3.53677e-01  -1.37236e-05 4.62864e-05 
  3.54927e-01  3.53021e-05  4.62081e-05 
  3.56178e-01  1.29368e-04  4.61313e-05 
  3.57429e-01  -9.10260e-05 4.60560e-05 
  3.58679e-01  6.42900e-05  4.59822e-05 
  3.59930e-01  6.69468e-05  4.59101e-05 
  3.61180e-01  2.32265e-05  4.58394e-05 
  3.62431e-01  4.92389e-05  4.57701e-05 
  3.63682e-01  5.60091e-05  4.57021e-05 
  3.64932e-01  1.35339e-06  4.56351e-05 
  3.66183e-01  9.70372e-05  4.55689e-05 
  3.67434e-01  4.46978e-05  4.55034e-05 
  3.68684e-01  5.36441e-05  4.54383e-05 
  3.69935e-01  8.37773e-05  4.53737e-05 
  3.71185e-01  8.73380e-05  4.53093e-05 
  3.72436e-01  4.20166e-05  4.52452e-05 
  3.73687e-01  9.68052e-05  4.51815e-05 
  3.74937e-01  4.51580e-05  4.51183e-05 
  3.76188e-01  1.15846e-04  4.50556e-05 
  3.77439e-01  4.60740e-05  4.49935e-05 
  3.78689e-01  4.65596e-05  4.49320e-05 
  3.79940e-01  4.01281e-05  4.48713e-05 
  3.81190e-01  9.03290e-05  4.48111e-05 
  3.82441e-01  5.22746e-05  4.47514e-05 
  3.83692e-01  1.84610e-04  4.46920e-05 
  3.84942e-01  3.59349e-05  4.46327e-05 
  3.86193e-01  -3.89962e-06 4.45734e-05 
  3.87444e-01  4.15958e-05  4.45138e-05 
  3.88694e-01  4.35260e-05  4.44537e-05 
  3.89945e-01  3.94580e-05  4.43931e-05 
  3.91195e-01  1.36940e-04  4.43320e-05 
  3.92446e-01  6.32891e-05  4.42704e-05 
  3.93697e-01  8.75765e-05  4.42084e-05 
  3.94947e-01  9.51693e-05  4.41462e-05 
  3.96198e-01  4.62304e-05  4.40839e-05 
  3.97449e-01  1.34959e-04  4.40218e-05 
  3.98699e-01  5.55973e-05  4.39599e-05 
  3.99950e-01  9.60878e-05  4.38984e-05 
  4.01201e-01  1.13339e-04  4.38373e-05 
  4.02451e-01  1.15330e-04  4.37765e-05 
  4.03702e-01  7.09841e-05  4.37159e-05 
  4.04952e-01  5.19625e-05  4.36553e-05 
  4.06203e-01  7.86922e-05  4.35945e-05 
  4.07454e-01  3.33189e-05  4.35334e-05 
  4.08704e-01  1.19595e-04  4.34716e-05 
  4.09955e-01  6.70591e-05  4.34090e-05 
  4.11206e-01  6.54071e-05  4.33455e-05 
  4.12456e-01  8.98808e-05  4.32811e-05 
  4.13707e-01  6.61065e-05  4.32158e-05 
  4.14957e-01  1.00356e-04  4.31497e-05 
  4.16208e-01  7.93427e-05  4.30831e-05 
  4.17459e-01  7.24705e-05  4.30159e-05 
  4.18709e-01  1.01196e-04  4.29485e-05 
  4.19960e-01  1.54695e-04  4.28810e-05 
  4.21211e-01  6.21626e-05  4.28136e-05 
  4.22461e-01  -1.33764e-05 4.27461e-05 
  4.23712e-01  5.78726e-05  4.26788e-05 
  4.24962e-01  4.11506e-05  4.26113e-05 
  4.26213e-01  1.07027e-04  4.25437e-05 
  4.27464e-01  1.15301e-04  4.24758e-05 
  4.28714e-01  4.31753e-05  4.24074e-05 
  4.29965e-01  9.38679e-05  4.23385e-05 
  4.31216e-01  1.05954e-04  4.22688e-05 
  4.32466e-01  5.93921e-05  4.21985e-05 
  4.33717e-01  4.19102e-05  4.21277e-05 
  4.34967e-01  1.15171e-04  4.20563e-05 
  4.36218e-01  8.54406e-06  4.19849e-05 
  4.37469e-01  3.07594e-05  4.19134e-05 
  4.38719e-01  1.97094e-05  4.18424e-05 
  4.39970e-01  6.70658e-05  4.17720e-05 
  4.41221e-01  1.24671e-04  4.17024e-05 
  4.42471e-01  5.11200e-05  4.16340e-05 
  4.43722e-01  1.00132e-04  4.15667e-05 
  4.44972e-01  -4.17337e-07 4.15005e-05 
  4.46223e-01  1.17993e-04  4.14353e-05 
  4.47474e-01  3.51111e-05  4.13710e-05 
  4.48724e-01  5.27668e-05  4.13072e-05 
  4.49975e-01  9.85766e-05  4.12437e-05 
  4.51226e-01  1.08743e-04  4.11802e-05 
  4.52476e-01  9.12578e-05  4.11164e-05 
  4.53727e-01  6.96225e-05  4.10520e-05 
  4.54977e-01  8.01296e-05  4.09868e-05 
  4.56228e-01  -2.23791e-05 4.09208e-05 
  4.57479e-01  9.00752e-05  4.08540e-05 
  4.58729e-01  4.34249e-05  4.07864e-05 
  4.59980e-01  1.64446e-05  4.07182e-05 
  4.61231e-01  1.29037e-04  4.06496e-05 
  4.62481e-01  4.14348e-05  4.05807e-05 
  4.63732e-01  3.44185e-06  4.05118e-05 
  4.64982e-01  7.66246e-05  4.04431e-05 
  4.66233e-01  6.99962e-05  4.03748e-05 
  4.67484e-01  1.25563e-05  4.03071e-05 
  4.68734e-01  9.56689e-05  4.02400e-05 
  4.69985e-01  5.16705e-05  4.01736e-05 
  4.71236e-01  4.64771e-05  4.01080e-05 
  4.72486e-01  6.89071e-05  4.00432e-05 
  4.73737e-01  9.79903e-05  3.99792e-05 
  4.74987e-01  -2.93853e-07 3.99159e-05 
  4.76238e-01  7.91909e-05  3.98535e-05 
  4.77489e-01  1.84499e-05  3.97919e-05 
  4.78739e-01  5.25798e-05  3.97311e-05 
  4.79990e-01  -2.45837e-05 3.96712e-05 
  4.81241e-01  2.45587e-05  3.96121e-05 
  4.82491e-01  1.18104e-05  3.95538e-05 
  4.83742e-01  6.14884e-05  3.94965e-05 
  4.84992e-01  5.15074e-05  3.94399e-05 
  4.86243e-01  5.54344e-06  3.93841e-05 
  4.87494e-01  1.36076e-04  3.93290e-05 
  4.88744e-01  3.56356e-05  3.92744e-05 
  4.89995e-01  5.14622e-05  3.92203e-05 
  4.91246e-01  -1.79329e-05 3.91666e-05 
  4.92496e-01  7.18448e-05  3.91132e-05 
  4.93747e-01  7.65110e-05  3.90600e-05 
  4.94997e-01  2.03444e-05  3.90070e-05 
  4.96248e-01  3.85610e-05  3.89541e-05 
  4.97499e-01  1.78218e-05  3.89014e-05 
  4.98749e-01  2.23079e-05  3.88490e-05 
  5.00000e-01  -2.10112e-05 3.87969e-05 
