# r                 p(r)             
  1.58330e+00       1.65737e-04      
  4.74990e+00       1.07150e-03      
  7.91651e+00       2.65026e-03      
  1.10831e+01       4.65826e-03      
  1.42497e+01       6.85355e-03      
  1.74163e+01       9.00873e-03      
  2.05829e+01       1.09045e-02      
  2.37495e+01       1.23723e-02      
  2.69161e+01       1.33071e-02      
  3.00827e+01       1.36432e-02      
  3.32493e+01       1.33996e-02      
  3.64159e+01       1.25814e-02      
  3.95825e+01       1.15191e-02      
  4.27491e+01       1.08015e-02      
  4.59157e+01       1.03301e-02      
  4.90823e+01       9.98457e-03      
  5.22489e+01       9.70119e-03      
  5.54155e+01       9.41648e-03      
  5.85821e+01       9.19254e-03      
  6.17488e+01       8.98893e-03      
  6.49154e+01       8.78478e-03      
  6.80820e+01       8.62920e-03      
  7.12486e+01       8.46023e-03      
  7.44152e+01       8.29425e-03      
  7.75818e+01       8.15703e-03      
  8.07484e+01       8.00847e-03      
  8.39150e+01       7.87113e-03      
  8.70816e+01       7.76410e-03      
  9.02482e+01       7.62827e-03      
  9.34148e+01       7.50995e-03      
  9.65814e+01       7.41595e-03      
  9.97480e+01       7.28158e-03      
  1.02915e+02       7.17895e-03      
  1.06081e+02       7.04268e-03      
  1.09248e+02       6.92409e-03      
  1.12414e+02       6.78687e-03      
  1.15581e+02       6.66106e-03      
  1.18748e+02       6.53197e-03      
  1.21914e+02       6.40117e-03      
  1.25081e+02       6.30597e-03      
  1.28247e+02       6.19940e-03      
  1.31414e+02       6.08511e-03      
  1.34581e+02       5.96194e-03      
  1.37747e+02       5.87964e-03      
  1.40914e+02       5.75584e-03      
  1.44080e+02       5.60464e-03      
  1.47247e+02       5.48327e-03      
  1.50414e+02       5.35094e-03      
  1.53580e+02       5.23809e-03      
  1.56747e+02       5.10704e-03      
  1.59913e+02       4.97351e-03      
  1.63080e+02       4.85510e-03      
  1.66247e+02       4.75016e-03      
  1.69413e+02       4.64015e-03      
  1.72580e+02       4.52887e-03      
  1.75746e+02       4.41906e-03      
  1.78913e+02       4.32905e-03      
  1.82080e+02       4.22307e-03      
  1.85246e+02       4.08835e-03      
  1.88413e+02       3.96594e-03      
  1.91579e+02       3.85664e-03      
  1.94746e+02       3.72510e-03      
  1.97913e+02       3.62644e-03      
  2.01079e+02       3.50292e-03      
  2.04246e+02       3.39886e-03      
  2.07412e+02       3.31176e-03      
  2.10579e+02       3.22349e-03      
  2.13746e+02       3.11633e-03      
  2.16912e+02       3.00992e-03      
  2.20079e+02       2.91967e-03      
  2.23245e+02       2.79478e-03      
  2.26412e+02       2.68048e-03      
  2.29579e+02       2.56499e-03      
  2.32745e+02       2.45801e-03      
  2.35912e+02       2.33797e-03      
  2.39078e+02       2.23365e-03      
  2.42245e+02       2.09597e-03      
  2.45412e+02       1.97026e-03      
  2.48578e+02       1.85728e-03      
  2.51745e+02       1.71499e-03      
  2.54912e+02       1.59671e-03      
  2.58078e+02       1.46744e-03      
  2.61245e+02       1.36758e-03      
  2.64411e+02       1.25551e-03      
  2.67578e+02       1.13296e-03      
  2.70745e+02       1.00771e-03      
  2.73911e+02       8.98989e-04      
  2.77078e+02       7.66683e-04      
  2.80244e+02       6.69848e-04      
  2.83411e+02       5.57498e-04      
  2.86578e+02       4.37592e-04      
  2.89744e+02       3.40898e-04      
  2.92911e+02       2.24342e-04      
  2.96077e+02       1.40609e-04      
  2.99244e+02       4.58935e-05      
  3.02411e+02       4.20612e-07      
  3.05577e+02       0.00000e+00      
  3.08744e+02       0.00000e+00      
  3.11910e+02       0.00000e+00      
  3.15077e+02       0.00000e+00      
